5.81381
5.79543
5.77203
5.7843
5.76719
5.74769
5.73381
5.71429
5.70837
5.69009
5.66949
5.67267
5.65182
5.6287
5.64767
5.6328
5.61814
5.6138
5.58948
33.6362
33.5597
33.3609
5.64957
5.61901
5.60405
5.58932
5.5748
5.56051
5.54644
33.0446
33.2698
33.191
33.0531
32.8572
32.9064
32.5358
32.058
5.62117
5.6057
5.59045
5.57542
5.56061
5.54602
5.53165
5.51751
32.7533
32.4926
32.7098
32.7513
32.6144
32.4207
32.2895
32.1025
31.6326
31.5118
31.3376
5.60864
5.59288
5.57734
5.56201
5.5469
5.53202
5.51735
32.4419
32.1829
32.3369
32.4953
32.299
32.1063
31.9754
31.8472
31.324
31.1479
30.9752
31.0809
30.6942
5.58055
5.56471
5.54909
5.53369
5.5185
5.50354
32.1907
31.9324
32.0254
32.0628
32.0437
31.7935
31.6629
31.6497
31.1281
30.9518
30.7244
30.8282
30.3368
30.442
30.4424
5.56871
5.55258
5.53666
5.52096
5.50548
5.49022
5.47517
32.0566
31.7975
32.0064
32.0433
31.9645
31.7708
31.931
31.6829
30.8762
30.5912
30.3126
30.3592
29.8778
29.9267
29.9257
29.7182
29.464
5.54095
5.52473
5.50873
5.49295
5.47739
5.46205
31.5468
31.7526
31.7294
31.7084
31.573
31.7902
31.5414
30.6796
30.127
29.9056
29.7407
29.5279
29.6265
29.5728
29.4186
29.1164
29.1706
29.026
5.5133
5.497
5.48093
5.46506
5.44942
5.434
31.3535
31.6151
31.5909
31.5688
31.5489
31.7668
31.5156
30.7032
30.1447
29.6585
31.4174
29.282
29.3277
29.3246
29.1709
28.9205
28.9235
28.8291
28.7868
28.8962
5.4694
5.45324
5.4373
5.42157
5.40607
31.189
31.2206
31.2548
31.2336
31.3888
31.1979
30.7274
30.3262
29.7768
31.0957
29.087
29.1315
28.9236
28.7241
28.7263
28.6317
28.5396
28.5978
28.4613
28.1349
5.45838
5.44192
5.42568
5.39385
5.37827
31.0808
31.0564
31.1494
31.1875
30.9964
30.7523
30.2363
30.899
30.8329
30.712
29.9288
29.7102
28.7263
28.4779
28.5286
28.3847
28.3906
28.3988
28.2137
27.8423
27.8091
28.2587
5.46484
5.43111
5.41457
30.8008
30.7774
30.7373
29.8732
30.6371
30.6273
30.4494
29.7262
29.5079
28.5286
28.2808
28.3304
28.2354
28.1917
28.1992
28.0629
27.6919
27.4711
27.9607
27.8354
5.45514
5.43787
5.42082
5.40398
30.366
30.3191
30.3646
30.1872
29.5767
29.305
28.232
28.0347
28.0344
27.9397
27.8957
27.9023
27.767
27.4468
27.2735
27.3813
27.3057
27.0948
27.0707
5.42839
5.41104
5.3939
5.37697
5.36026
30.1022
29.9253
29.2662
29.0491
28.0339
27.8369
27.7877
27.693
27.6486
27.6067
27.4724
27.2019
27.0297
27.1358
27.0603
26.8511
26.7816
26.8048
26.7853
5.41942
5.40177
5.38434
5.36711
5.3501
29.8401
29.7187
29.3288
28.8977
27.7388
27.5433
27.4938
27.3054
27.1678
27.1259
26.9942
26.73
26.6061
26.6191
26.5897
26.4738
26.4051
26.3832
26.4078
26.3465
5.41098
5.39303
5.3753
5.35777
5.34046
5.32337
29.6888
28.9557
27.2981
27.2951
27.0607
26.832
26.7899
26.6595
26.399
26.2326
26.2884
26.2589
26.188
26.0763
26.0542
26.1215
26.0607
25.9594
25.8184
5.38481
5.36678
5.34896
5.33135
5.31395
5.29677
27.0492
26.8162
26.6342
26.5916
26.4614
26.2459
26.1232
26.1347
26.1048
25.9901
25.8786
25.8995
25.9228
25.8621
25.8041
25.7061
25.7389
5.35879
5.34067
5.32276
5.30506
5.28758
5.27031
26.5721
26.391
26.348
26.2183
26.048
25.9255
25.98
25.9061
25.7917
25.7235
25.7438
25.7668
25.706
25.648
25.6354
25.6253
25.575
25.57
5.35133
5.33292
5.31471
5.29671
5.27892
5.26135
25.6412
25.6512
25.6208
25.5073
25.4395
25.4591
25.4813
25.4635
25.4058
25.3507
25.3829
25.2908
25.3279
25.2413
5.32569
5.30719
5.28889
5.2708
5.25293
5.23527
25.3792
25.2663
25.1568
25.1757
25.1972
25.1792
25.1219
25.0674
25.0571
25.0079
25.0443
24.9589
25.0003
25.0444
5.319
5.3002
5.2816
5.26322
5.24504
5.22708
5.20934
25.0256
24.9167
24.8935
24.9143
24.8962
24.8393
24.7853
24.8161
24.7263
24.7621
24.7185
24.7186
24.8444
24.9742
5.48863
5.45219
5.29375
5.27486
5.25617
5.2377
5.21943
5.20138
24.8265
24.6769
24.7355
24.7558
24.6963
24.5987
24.545
24.5753
24.5268
24.5216
24.4785
24.519
24.644
24.7729
24.7808
5.46316
5.43289
5.26865
5.24967
5.23089
5.21233
5.19398
5.17584
24.5186
24.5766
24.5554
24.496
24.3988
24.3452
24.3751
24.3672
24.3619
24.3189
24.3593
24.4838
24.6124
24.6204
24.5487
24.6032
5.43167
5.4051
5.3679
5.31455
5.25295
5.22464
5.20577
5.18712
5.16867
5.15045
24.1182
24.2545
24.2735
24.2145
24.1184
24.1051
24.1343
24.1263
24.1611
24.1183
24.1584
24.2821
24.4098
24.4179
24.3878
24.4423
24.4996
5.37023
5.33916
5.3037
5.23502
5.19976
5.1808
5.16206
5.14353
23.9746
24.0327
23.974
23.8786
23.8258
23.8939
23.8463
23.92
23.8777
23.9571
24.0397
24.2884
24.2557
24.1853
24.3214
24.4617
24.5226
5.33808
5.30587
5.27287
5.22639
5.17505
5.156
5.13716
5.11854
23.7732
23.6782
23.6255
23.6537
23.6065
23.7186
23.6765
23.7159
23.9976
24.2893
24.2152
24.1444
24.3645
24.4231
24.4428
24.5493
24.5325
5.27523
5.23648
5.19943
5.15049
5.13135
5.11243
5.09372
5.07522
23.5719
23.4386
23.3862
23.4138
23.367
23.4777
23.3973
23.4749
24.2012
24.2485
24.1327
24.1441
24.2412
24.3
24.32
24.3848
24.3685
24.439
5.20736
5.17153
5.1261
5.10688
5.08786
5.06905
5.05047
23.1992
23.1471
23.1742
23.1277
23.1986
23.1576
23.1958
23.3143
23.9171
23.8443
23.8152
23.9517
24.01
24.0302
24.0945
24.1205
24.1908
24.2643
5.1611
5.1762
5.14272
5.10188
5.08256
5.06345
5.04456
5.02588
5.00742
4.99997
4.97118
4.95339
22.9224
22.8333
22.8596
22.7764
22.8832
22.8428
22.8804
22.9588
23.5086
23.3983
23.3312
23.5832
23.6407
23.7014
23.8057
23.8319
23.9018
23.9749
24.0098
5.13732
5.14871
5.11414
5.07783
5.05842
5.03922
5.02023
5.00146
4.98292
4.97744
4.94649
4.92861
22.522
22.5845
22.4657
22.5704
22.4939
22.5675
22.5335
22.9521
22.9991
22.9341
23.1411
23.3153
23.415
23.5989
23.585
23.6548
23.7685
23.8038
23.8831
5.13405
5.11372
5.12594
5.09136
5.05395
5.03445
5.01516
4.99608
4.97722
4.95858
4.92197
22.2857
22.3471
22.2296
22.3329
22.33
22.3666
22.2965
22.5974
22.719
22.6929
22.7831
22.877
23.1693
23.3516
23.3784
23.4482
23.5617
23.5974
23.6769
23.9668
24.096
5.11072
5.09029
5.09998
5.06763
5.03025
5.01065
4.99127
4.9721
4.95315
4.94346
4.89763
22.0856
22.1463
22.0296
22.1319
22.0928
22.129
22.0239
22.2835
22.4031
22.4148
22.504
22.5592
22.7696
23.0653
23.0922
23.2014
23.3544
23.431
23.5108
23.842
23.9298
23.9365
5.08756
5.06704
5.07977
5.05286
5.00672
4.98703
4.96755
4.94829
4.96442
4.94433
4.92236
4.87346
21.8735
21.7937
21.9305
21.8917
21.856
21.7174
21.9363
22.0898
22.1381
22.1895
22.2811
22.4136
22.7804
22.8464
22.9549
23.1069
23.2636
23.4251
23.6744
23.7208
23.7703
23.8227
5.06458
5.04397
5.05528
5.02943
4.98337
4.96359
4.94402
4.94152
4.91923
4.89719
21.6725
21.5582
21.6931
21.6548
21.5844
21.4135
21.4539
21.708
21.8269
21.8777
22.0043
22.2093
22.5734
22.6395
22.7867
23.0181
23.1758
23.2975
23.4644
23.5945
23.5615
23.6981
24.2262
5.04179
5.02108
5.02991
5.0051
4.9602
4.94033
4.92067
4.9393
4.9188
4.89432
4.87431
21.3665
21.2199
21.3171
21.3141
21.2453
21.146
21.0842
21.1947
21.4832
21.6395
21.801
22.1529
22.4042
22.4705
22.5402
22.8485
23.0464
23.1281
23.4191
23.5508
23.6866
23.8266
24.1452
24.2511
5.01918
4.99838
4.97774
4.93722
4.91725
4.8975
4.91684
4.89519
4.86961
4.8516
20.9192
20.9805
20.9775
20.9103
20.8132
20.7861
21.851
22.0581
22.1961
22.2625
22.3322
22.6386
22.9159
23.0388
23.4572
23.5064
23.6866
23.7425
24.0191
24.126
24.2365
4.99676
4.97586
4.96585
4.9485
4.91442
4.89436
4.87451
4.8956
4.87281
20.4521
22.1894
22.177
22.1678
22.2766
22.5854
23.0283
23.2796
23.411
23.4189
23.5576
23.744
24.0689
24.1333
24.291
24.2268
4.95354
4.9423
4.92378
4.89182
4.87166
4.87349
7.61083
7.56909
22.1576
22.1487
22.9783
22.9776
23.105
23.2368
23.2878
23.4274
23.7457
23.9405
24.0061
24.1198
24.0571
24.0427
4.9314
4.91895
4.89928
4.8694
4.84915
7.55688
7.51504
7.48011
7.3204
22.8462
22.843
22.8431
22.9712
23.0196
23.1556
23.3389
23.6152
23.7665
23.7886
23.9029
23.8867
23.8738
23.9083
4.8885
4.86773
4.84718
4.82684
7.50332
7.46449
7.42628
7.39485
7.35786
7.32757
7.29785
7.26571
7.2312
22.7089
22.6651
22.625
22.7944
22.802
22.98
23.1635
23.3961
23.5475
23.6149
23.73
23.6711
23.704
23.784
24.7443
4.86666
4.8458
4.82516
4.80473
7.45328
7.41429
7.37592
7.34427
7.30712
7.27362
7.2467
7.21437
7.17972
22.2488
22.4468
22.4045
22.3256
22.4934
22.584
22.7616
22.9448
23.1767
23.3719
23.4403
23.5563
23.5432
23.5334
23.6147
24.5249
24.6161
4.84503
4.82408
4.80334
4.78281
7.46502
7.43406
7.40051
7.36443
7.32893
7.29403
7.25672
7.22601
7.19292
7.16043
7.12565
7.10024
22.2257
22.1445
22.0677
22.2344
22.3657
22.5017
22.6839
22.9998
23.1519
23.1345
23.294
23.2828
23.3184
23.5769
24.2114
24.3505
24.3046
4.80255
4.78172
4.7611
7.40385
7.37883
7.34814
7.31189
7.27623
7.24115
7.20371
7.1728
7.13954
7.10399
7.07199
7.04349
22.0444
21.9247
21.8496
22.0158
22.1471
22.283
22.4649
22.8219
22.9315
22.9159
23.0324
23.0231
23.0602
23.3174
23.9461
24.0856
24.0425
24.1882
4.78123
4.7603
4.73959
7.39352
7.34939
7.32712
7.29922
7.25977
7.22394
7.19165
7.15405
7.12293
7.09238
7.05665
7.0216
6.99573
6.96478
6.9401
21.744
21.6703
21.9164
22.0489
22.1046
22.2456
22.8145
22.7965
22.697
22.8141
22.7642
22.8027
23.3661
23.8194
24.0072
23.9655
24.1603
24.748
4.76012
4.7391
4.71829
7.33661
7.29844
7.27585
7.24768
7.21105
7.17502
7.13958
7.10475
7.07341
7.04265
7.00962
6.97722
6.94827
6.91713
6.8922
6.86232
21.5623
21.4901
21.8157
21.8687
21.9657
22.0261
22.634
22.5749
22.4779
22.6382
22.506
22.5879
23.2815
23.9251
23.9752
24.0759
24.1799
24.7266
4.71811
4.69721
7.24143
7.28327
7.24793
7.225
7.19657
7.15977
7.12356
7.08795
7.05294
7.01854
6.99044
6.95725
6.92468
6.89554
6.86424
6.83909
6.80907
21.4257
21.8661
21.8871
22.4954
22.4377
22.469
22.5464
22.4573
22.5411
23.2862
23.7493
23.8012
23.9508
24.0091
24.5064
24.4731
7.19545
7.22746
7.1949
7.17166
7.1459
7.10892
7.07254
7.03675
6.99872
6.96418
6.93586
6.90531
6.87258
6.84325
6.81452
6.78642
6.75894
21.9102
22.2702
22.2148
22.3321
22.3684
22.3658
22.5365
23.2002
23.4797
23.5798
23.7304
23.7906
24.5334
24.3531
24.1805
7.17516
7.14531
7.11882
7.09277
7.05852
7.02196
6.986
6.95064
6.9159
6.88456
6.85657
6.82366
6.79411
6.76518
6.73687
6.70919
6.68215
6.66106
22.0029
21.9917
22.0678
22.1055
22.105
22.318
23.068
23.2569
23.3584
23.5099
23.572
24.4609
24.2815
24.1583
24.6786
7.0715
7.09617
7.06938
7.04591
7.01143
6.97184
6.93851
6.90017
6.86526
6.83646
6.80549
6.77513
6.74537
6.71623
6.68771
6.65983
6.63522
6.61386
21.7364
21.7273
21.8042
21.8435
21.8451
22.1414
22.9348
23.034
23.0912
23.2895
23.4464
24.2374
24.1601
24.3336
24.5618
24.9501
7.02646
7.04463
7.02041
6.99377
6.96192
6.92498
6.88864
6.85291
6.81781
6.78876
6.75758
6.72431
6.69435
6.66767
6.63894
6.61085
6.58602
6.5644
21.4707
21.5043
21.5415
21.6232
21.6676
21.8807
22.9374
22.9017
23.0065
23.1611
23.8454
24.1131
24.0381
24.3138
24.5459
24.9923
6.99027
6.99929
6.97191
6.94497
6.91009
6.87576
6.842
6.80607
6.77076
6.73878
6.70739
6.67661
6.64644
6.61951
6.58797
6.56228
6.53721
6.5179
21.2461
21.2811
21.3603
21.4434
21.4895
23.0338
22.952
23.1064
23.1713
23.8165
23.9882
23.9153
24.2944
24.6339
24.8773
25.0731
6.95158
6.94314
6.92388
6.89386
6.85879
6.82702
6.79304
6.75694
6.72146
6.69193
6.65768
6.62669
6.59893
6.56917
6.54004
6.51412
6.49137
6.47176
6.43758
21.0979
21.1785
21.3849
21.5564
22.7481
22.758
22.7257
22.8812
22.9481
23.5414
23.8128
23.6938
24.2244
24.5156
24.7091
24.8539
24.9492
6.90768
6.87663
6.87635
6.84606
6.81077
6.77604
6.74188
6.70829
6.67263
6.64287
6.61106
6.57986
6.54927
6.52188
6.48999
6.46384
6.44336
6.42347
6.38917
6.36805
20.8742
20.9959
21.2437
21.4582
22.5626
22.4833
22.4091
22.6104
22.6793
23.86
23.6865
23.668
24.2055
24.3969
24.6457
24.7406
24.8385
6.86147
6.82471
6.8293
6.79602
6.76054
6.72831
6.69393
6.66014
6.62692
6.59431
6.56229
6.53088
6.50265
6.47502
6.44294
6.41655
6.39578
6.3756
6.34365
6.32227
21.0609
22.3764
22.2547
22.2734
22.4312
23.6296
23.5595
23.7928
24.1352
24.3299
24.5824
24.574
24.7275
25.0463
6.81848
6.78149
6.77734
6.74924
6.71355
6.68107
6.64649
6.61248
6.57906
6.54624
6.51401
6.4824
6.45394
6.42608
6.39383
6.36723
6.34617
6.32817
6.29608
6.27201
20.6682
20.9179
22.0538
21.9817
22.0474
22.2064
23.4207
23.5498
23.4318
23.7184
24.1168
24.3155
24.4657
24.5129
24.7771
24.9382
24.9939
6.77595
6.73605
6.726
6.70296
6.66706
6.63434
6.59955
6.56275
6.53171
6.49867
6.46625
6.43443
6.40574
6.37765
6.34524
6.32085
6.29951
6.27633
6.24412
6.22225
6.18571
20.5229
20.6935
21.9119
21.6227
22.8164
23.3376
23.419
23.3534
23.7459
24.0465
24.2486
24.3486
24.3987
24.7201
24.8301
24.943
25.2801
6.82964
6.78766
6.74882
6.66741
6.73121
6.69377
6.67795
6.65721
6.62109
6.58554
6.55313
6.51615
6.48233
6.45163
6.4215
6.38946
6.36052
6.33219
6.29958
6.27251
6.25089
6.22985
6.1975
6.17774
6.22079
6.15234
6.13158
6.1092
22.1344
22.848
22.8747
23.1532
23.2875
23.3753
23.7232
23.976
24.1284
24.2313
24.3375
24.6634
24.7218
24.8378
25.2344
6.9868
6.91197
6.87106
6.82792
6.78528
6.74315
6.70412
6.67074
6.61729
6.68964
6.65196
6.63047
6.60936
6.57565
6.53988
6.50469
6.47007
6.43604
6.40511
6.37474
6.3425
6.31578
6.28477
6.2544
6.22709
6.20517
6.18148
6.15134
6.13599
6.16855
6.11833
6.09901
6.07805
6.05552
22.2069
22.225
22.2949
22.6589
22.6884
22.8691
23.0051
23.1955
23.4934
23.7473
23.902
24.0605
24.2229
24.6621
24.6683
24.7876
25.3031
25.897
7.49805
7.45155
7.03586
7.00405
6.9725
6.94121
6.90748
6.87137
6.83025
6.78958
6.74411
6.7018
6.66257
6.62893
6.5729
6.52523
6.65117
6.61063
6.59656
6.56987
6.53331
6.49731
6.46188
6.42703
6.39278
6.36159
6.33098
6.29851
6.26909
6.24028
6.20732
6.17978
6.15758
6.13363
6.10566
6.08765
6.11456
6.10236
6.08609
6.0635
6.04395
21.9476
21.9171
21.9382
21.917
22.1336
22.2614
22.3934
22.6265
22.8167
23.1122
23.416
23.5721
23.8369
24.0016
24.3862
24.4508
24.6276
25.145
25.6816
7.61586
7.5651
7.5147
7.46467
7.42093
7.37159
7.32554
7.27118
6.99658
6.99991
6.96507
6.93051
6.89894
6.86496
6.82861
6.78997
6.74909
6.70347
6.65839
6.62153
6.58764
6.53407
6.61314
6.57496
6.56561
6.53082
6.49401
6.45523
6.42207
6.38697
6.35247
6.32101
6.2877
6.25501
6.22534
6.19628
6.16313
6.13534
6.11053
6.08864
6.05817
6.03985
6.01987
6.03213
6.00935
5.99187
21.6556
21.6288
21.6069
21.5897
21.7137
21.8421
21.9748
22.3008
22.4915
22.7856
23.1386
23.3477
23.51
23.7285
24.1661
24.234
24.4133
24.9306
25.4672
25.663
7.58046
7.52955
7.47899
7.43176
7.38779
7.33826
7.292
7.23748
7.18065
6.98349
6.96979
6.96444
6.92932
6.89448
6.85993
6.82301
6.78643
6.74759
6.70653
6.66077
6.61557
6.57598
6.49078
6.57558
6.53969
6.52986
6.49223
6.45264
6.41365
6.37776
6.34491
6.30773
6.27604
6.24492
6.21201
6.18209
6.15044
6.11711
6.0891
6.06633
6.04187
6.01123
5.9926
5.96785
5.91276
5.98113
5.95589
21.3419
21.3238
21.2655
21.3908
21.5205
21.7003
22.0724
22.2648
22.5597
22.863
23.0733
23.2375
23.4572
23.8934
24.0718
24.1998
24.6611
25.1956
25.4522
25.6541
7.49449
7.4408
7.39637
7.3522
7.3025
7.25606
7.20142
7.14167
7.08812
6.98257
6.94671
6.93529
6.92134
6.88867
6.85358
6.81878
6.78164
6.74222
6.70319
6.66198
6.61612
6.57081
6.53356
6.49425
6.44807
6.40253
6.53848
6.50486
6.48691
6.45159
6.41178
6.37011
6.334
6.29848
6.26356
6.23163
6.1979
6.1648
6.13701
6.10515
6.06935
6.03886
6.01582
5.99114
5.96038
5.9348
5.8989
5.85521
5.93526
5.90982
21.0422
20.9884
21.1153
21.3363
21.5182
21.8446
22.0388
22.2861
22.5402
22.8008
23.0174
23.1879
23.6227
23.7501
23.9339
24.3938
25.0413
25.2424
25.5655
4.65657
7.46593
7.41203
7.36442
7.32003
7.27303
7.22349
7.17152
7.10604
7.05236
6.99377
6.94656
6.91312
6.90127
6.87351
6.84594
6.81592
6.78086
6.73825
6.69865
6.65943
6.61807
6.57462
6.52919
6.49173
6.45225
6.40839
6.36271
6.46542
6.44201
6.40647
6.36897
6.32469
6.2884
6.25269
6.2152
6.18307
6.15152
6.11823
6.08789
6.05586
6.01544
5.98033
5.96155
5.94111
5.91022
5.88227
5.84853
5.80495
5.88769
5.86427
20.7563
20.8415
21.1072
21.2458
21.5254
21.7666
22.0145
22.2691
22.4812
22.6984
22.7708
23.354
23.5366
23.8293
24.2933
25.2393
25.2682
25.6582
26.4366
4.64082
7.43483
7.38078
7.33005
7.28835
7.23827
7.18858
7.13646
7.0737
7.01987
6.91643
6.87737
6.85182
6.82907
6.79332
6.77618
6.74087
6.70067
6.65828
6.61887
6.57732
6.53373
6.49064
6.4505
6.41084
6.36685
6.31633
6.27125
6.424
6.39526
6.36446
6.3243
6.2775
6.23864
6.20279
6.16518
6.1352
6.10345
6.07
6.03719
6.00277
5.96236
5.9272
5.90154
5.88304
5.8586
5.82835
5.79248
5.75749
5.84509
5.81926
20.6141
20.5678
20.6557
20.923
21.0196
21.2546
21.5425
21.7448
22.0477
22.3105
22.6297
23.0604
23.2948
23.4814
23.9414
24.7031
25.0855
25.1181
25.5112
26.4856
4.62533
7.34708
7.29909
7.25428
7.20689
7.15419
7.10193
7.03636
6.98515
6.88144
6.84216
6.8084
6.78794
6.75196
6.73182
6.70406
6.66108
6.62106
6.57891
6.53719
6.49591
6.44775
6.40746
6.36524
6.32117
6.26832
6.22553
6.34921
6.32059
6.27785
6.231
6.19437
6.15833
6.12056
6.08804
6.05838
6.02248
5.99174
5.95495
5.91889
5.88359
5.85336
5.8281
5.80775
5.7774
5.74572
5.71483
5.79867
5.7748
20.5598
20.4503
20.3395
20.3786
20.3791
20.4697
20.6948
20.7941
21.0305
21.2736
21.5234
21.8749
22.2376
22.5614
23.1018
23.1838
23.374
24.6049
24.8733
24.91
26.4383
26.5381
26.509
4.63514
4.6101
4.58524
7.31392
7.26575
7.2236
7.17318
7.12314
7.06794
7.00233
6.95097
6.85227
6.81273
6.77607
6.75004
6.71383
6.68303
6.66012
6.61955
6.58188
6.53706
6.49766
6.45621
6.4031
6.36029
6.31325
6.27387
6.22571
6.30628
6.27495
6.23211
6.18993
6.15075
6.11452
6.07889
6.04386
6.01396
5.9779
5.94696
5.91003
5.87603
5.84273
5.81229
5.78466
5.76401
5.7335
5.70375
5.67272
5.75927
20.198
20.2203
20.1171
19.9787
20.0589
20.1012
20.1478
20.1987
20.4243
20.5695
20.7631
21.0517
21.303
21.6551
22.1159
22.3933
22.8833
22.9689
23.1618
24.8988
24.7034
26.2914
26.395
26.7001
27.0104
4.62026
4.59513
7.23867
7.19343
7.14283
7.0926
7.03999
6.97425
6.92001
6.82357
6.78377
6.74684
6.71273
6.6763
6.64013
6.60677
6.57115
6.52836
6.48354
6.44652
6.40985
6.3544
6.31389
6.26918
6.22967
6.18606
6.26161
6.22765
6.18708
6.14713
6.10779
6.07137
6.03556
6.00259
5.9702
5.9362
5.90284
5.86579
5.83378
5.80031
5.76967
5.74182
5.72088
5.69227
5.66439
5.6332
5.71612
5.60376
19.9276
19.8298
19.6976
19.7386
19.8258
19.8756
19.8468
20.1135
20.2178
21.8173
22.0931
22.2755
22.8739
23.0686
25.3846
25.4216
25.9092
26.2778
26.3191
26.629
26.9442
4.60564
4.58044
7.16377
7.11298
7.06534
7.0098
6.94666
6.89224
6.84096
6.79537
6.75531
6.71553
6.67859
6.64191
6.60298
6.56686
6.52606
6.48072
6.43829
6.39628
6.3595
6.31361
6.27296
6.23046
6.19078
6.14931
6.2547
6.21056
6.18584
6.14744
6.10499
6.06322
6.0289
5.99289
5.96194
5.92933
5.89512
5.85939
5.82222
5.79427
5.76061
5.72976
5.70375
5.68043
5.65366
5.62556
5.59219
5.67356
5.55526
5.54677
19.5029
19.3777
19.4219
19.5114
19.6054
19.5408
19.8064
21.7412
22.0216
22.2586
22.8133
23.066
25.2283
25.2696
26.0236
26.1996
26.1784
26.5595
26.8798
26.9977
4.59129
4.56601
4.5409
7.08365
7.03581
6.98012
6.91688
6.8623
6.81086
6.76506
6.72476
6.68475
6.64501
6.60557
6.56893
6.53257
6.4891
6.44362
6.40102
6.35885
6.32185
6.27818
6.23734
6.19466
6.15479
6.11315
6.19281
6.14415
6.14702
6.10842
6.0567
6.01263
5.97818
5.94208
5.91753
5.88908
5.85251
5.81663
5.77511
5.75535
5.7215
5.69044
5.66212
5.63854
5.61357
5.58727
5.65508
5.63366
5.54629
5.51149
19.0217
19.0692
3.99425
4.00596
4.0173
24.0293
24.3691
25.073
25.3087
25.9423
26.0559
26.1718
26.4917
26.7483
26.9392
4.57721
4.55185
4.52667
7.05209
7.00408
6.94556
6.87964
6.78129
6.73529
6.6922
6.65196
6.6095
6.56736
6.52805
6.49394
6.45278
6.40715
6.36439
6.31969
6.2825
6.24103
6.20001
6.1572
6.11715
6.14608
6.10201
6.06991
6.05409
6.00255
5.96075
5.92619
5.89219
5.8609
5.84302
5.80634
5.76615
5.72467
5.7108
5.68093
5.64968
5.62114
5.59729
5.57209
5.54558
5.58619
5.56725
5.49427
5.46409
5.45982
3.92437
3.93502
3.947
3.95782
3.96914
3.98093
3.99319
23.9236
24.2077
24.5592
24.919
25.2227
25.7293
25.9136
26.0338
26.3578
26.6185
26.8135
27.0802
4.5634
4.53797
4.51271
7.06682
7.01835
6.91161
6.70349
6.66275
6.61976
6.5771
6.53229
6.48788
6.45113
6.41467
6.36655
6.32603
6.27655
6.24383
6.20452
6.16334
6.10935
6.06286
6.03051
6.00306
5.96048
5.92295
5.886
5.85179
5.81603
5.79142
5.75889
5.71867
5.68129
5.66498
5.64102
5.60957
5.58282
5.55671
5.5293
5.5026
5.47083
5.54352
5.4292
5.44504
5.41527
5.409
3.90935
3.92299
3.93307
3.94446
3.95714
3.96866
24.1078
24.4644
24.8293
25.2026
25.6506
25.7065
25.8974
26.158
26.4221
26.6209
26.9605
4.54987
4.52436
4.49903
4.47387
6.96892
6.67227
6.63132
6.58564
6.54281
6.49785
6.45328
6.41151
6.37009
6.32668
6.28602
6.23881
6.12731
6.06873
6.0244
5.9918
5.96406
5.92354
5.88364
5.84866
5.81423
5.77826
5.74708
5.71439
5.67616
5.6407
5.61596
5.59977
5.57014
5.54314
5.5168
5.48724
5.46035
5.33936
5.37111
5.39449
5.36715
5.3629
5.36573
5.36772
3.86551
3.87734
3.88652
3.89939
3.90876
3.92021
3.93296
3.94538
3.95827
23.9487
24.3709
24.7412
25.1199
25.5071
25.5676
25.6964
26.0276
26.228
26.3627
26.7733
27.0509
4.53662
4.51104
4.48563
4.4604
6.6366
6.59798
6.55463
6.51161
6.46648
6.41932
6.37738
6.33578
6.29221
6.25138
6.09418
6.06938
6.02661
5.98442
5.9494
5.92576
5.88509
5.84504
5.80986
5.77523
5.74116
5.70768
5.67479
5.63846
5.60483
5.57384
5.55925
5.52942
5.50415
5.47757
5.44783
5.42073
5.29084
5.32188
5.3467
5.31973
5.31745
5.32215
5.33193
5.33505
3.83317
3.84219
3.85406
3.86253
3.87544
3.88489
3.89641
3.90923
3.92253
3.9355
23.7308
24.1551
24.7186
25.1702
25.432
25.4304
25.5637
25.832
25.9692
26.1752
26.5198
26.8696
4.52365
4.49799
4.47251
6.60409
6.56528
6.52422
6.48101
6.43329
6.3884
6.34389
6.30213
6.2584
6.21739
6.06167
6.02816
5.98751
5.94739
5.90781
5.88169
5.84308
5.80293
5.76968
5.73488
5.70063
5.66901
5.63592
5.60144
5.56761
5.53641
5.51752
5.49138
5.46586
5.44095
5.41101
5.38369
5.2499
5.24499
5.27153
5.29965
5.27304
5.27265
5.27917
5.29461
5.29384
3.80013
3.80793
3.817
3.82812
3.83744
3.85115
3.86147
3.87385
3.88673
3.9001
3.91315
3.92505
23.5747
24.3144
24.8288
25.0918
25.3589
25.2952
25.3671
25.7057
25.8473
25.9904
26.4066
26.691
26.9786
4.51097
4.48523
4.45968
6.56726
6.53074
6.49197
6.4486
6.40315
6.35571
6.30872
6.2668
6.22525
6.18407
6.03575
5.9944
5.95356
5.91107
5.87132
5.8385
5.80189
5.76373
5.72822
5.69326
5.66292
5.63107
5.59978
5.56314
5.52914
5.49968
5.4766
5.45214
5.43017
5.40499
5.37485
5.34731
5.38621
5.36646
5.33517
5.31791
5.19417
5.19563
5.19433
5.20714
5.24573
5.2271
5.22478
5.22926
5.24441
5.24749
3.76651
3.77608
3.7847
3.79382
3.80575
3.81514
3.82888
3.83928
3.85173
3.86467
3.8789
3.89204
3.90404
3.91729
5.76188
24.1003
24.5518
24.7525
25.0216
25.0309
25.1731
25.4486
25.5945
25.8083
26.1592
26.4463
26.7365
4.49857
4.47276
4.44713
6.53607
6.49934
6.4628
6.41924
6.37362
6.32603
6.27656
6.23218
6.19277
6.14916
6.00507
5.96131
5.92028
5.87978
5.83981
5.80461
5.76571
5.72738
5.69167
5.65652
5.62394
5.59388
5.56435
5.52753
5.49335
5.46366
5.44028
5.41366
5.3914
5.36598
5.33568
5.35035
5.34675
5.32863
5.30377
5.2986
5.27919
5.14986
5.15052
5.14865
5.1479
5.14645
5.15886
5.1836
5.18008
5.17589
5.17657
5.18397
5.19817
3.754
3.76267
3.77261
3.78382
3.79404
3.80706
3.81754
3.83082
3.84383
3.85734
3.87213
3.88424
3.89759
5.65971
5.68849
5.71804
5.74831
5.7793
24.2151
24.4191
24.6904
24.7706
24.9172
25.1304
25.2804
25.4972
25.8488
26.1377
26.3613
26.7941
4.48645
4.46058
4.43488
6.50796
6.471
6.43183
6.39049
6.34471
6.29464
6.24507
6.20055
6.16095
6.1172
6.01956
5.97504
5.93108
5.88984
5.84913
5.80684
5.77141
5.73232
5.6938
5.65789
5.62253
5.58773
5.55548
5.52573
5.49072
5.45638
5.42836
5.4028
5.37595
5.35155
5.3296
5.29911
5.33959
5.31401
5.30426
5.28774
5.26271
5.25154
5.23379
5.11682
5.11258
5.10941
5.10557
5.10463
5.10303
5.12047
5.1411
5.13755
5.13337
5.13219
5.13582
5.14612
3.73383
3.74257
3.75182
3.76308
3.77338
3.78644
3.797
3.81034
3.82343
3.83701
3.85186
3.86329
5.60986
5.64527
5.67289
5.69904
5.73242
5.76877
23.8225
24.0294
24.3652
24.451
24.6018
24.818
25.0363
25.2566
25.6102
25.835
26.1287
26.4253
4.47463
4.44869
4.42292
6.48289
6.44329
6.4039
6.36238
6.3141
6.26392
6.21425
6.16959
6.12981
6.0837
5.98815
5.94347
5.89934
5.86006
5.81702
5.77666
5.73892
5.69964
5.66094
5.62482
5.58727
5.55229
5.51789
5.486
5.45278
5.42017
5.39193
5.36797
5.33903
5.31438
5.28851
5.2615
5.23873
5.32518
5.30044
5.27094
5.25524
5.24398
5.22064
5.21094
5.19295
5.07687
5.07417
5.06905
5.06504
5.06566
5.06391
5.08272
5.09935
5.09398
5.0898
5.0904
5.09397
5.10234
5.11015
3.71337
3.72216
3.73148
3.74279
3.75315
3.76552
3.7769
3.78955
3.80269
3.81634
3.83048
3.84356
5.51621
5.55484
5.59448
5.62657
5.65728
5.6887
5.72522
23.4388
23.5877
23.984
24.1374
24.2925
24.5117
24.733
24.9562
25.3105
25.6039
25.8336
26.1319
26.5701
4.46311
4.43709
4.41126
6.456
6.41859
6.37661
6.33255
6.28647
6.23617
6.18637
6.14155
6.10157
6.05312
6.00953
5.95963
5.9126
5.87045
5.82882
5.78772
5.74715
5.70714
5.66971
5.6308
5.59247
5.5567
5.51956
5.48496
5.45094
5.41754
5.38475
5.35443
5.33388
5.30472
5.278
5.24834
5.21938
5.1964
5.28893
5.2621
5.23428
5.21643
5.20479
5.18306
5.17298
5.15474
5.04169
5.03594
5.03473
5.02771
5.02354
5.02566
5.02377
5.04562
5.05836
5.05299
5.04882
5.04937
5.05465
5.06115
5.07067
5.08322
5.08274
3.69335
3.7022
3.71087
3.72149
3.73192
3.74506
3.75577
3.76922
3.78243
3.81111
3.82351
5.47471
5.55108
5.68045
5.71787
5.74282
23.8912
24.0506
24.2734
24.4981
24.788
25.0811
25.3121
25.6101
25.911
26.2823
4.45187
4.4258
4.39989
6.43213
6.39212
6.34995
6.30572
6.25949
6.20907
6.15914
6.11416
6.07399
6.02541
5.98166
5.9426
5.906
5.86973
5.97518
5.92961
5.88243
5.84011
5.8004
5.7591
5.71628
5.67811
5.63845
5.59936
5.56282
5.52489
5.48756
5.45276
5.41855
5.38308
5.35012
5.31778
5.29692
5.26758
5.24243
5.21259
5.18346
5.15678
5.26653
5.25346
5.22642
5.20021
5.18204
5.16643
5.14805
5.13581
5.11732
5.01567
5.00181
4.99754
4.99606
4.9872
4.98626
4.98985
4.98781
5.00232
5.01298
5.00934
5.00691
5.00742
5.01433
5.01903
5.02669
5.03911
5.03877
5.0484
3.6759
3.68412
3.69144
3.70141
3.71261
5.43412
5.66779
5.69735
24.0395
24.2677
24.5603
24.8561
25.0904
25.391
25.6945
26.0677
4.44094
4.41479
4.38883
6.32394
6.27954
6.23086
6.18261
6.13256
6.08742
6.04707
5.99836
5.95445
5.9152
5.8763
5.83775
5.94821
5.90246
5.85511
5.81259
5.77267
5.72911
5.68816
5.64776
5.60793
5.56866
5.53192
5.49574
5.45821
5.42131
5.38691
5.35127
5.31811
5.28378
5.25726
5.22954
5.20593
5.17767
5.14493
5.2813
5.2555
5.23773
5.21697
5.19153
5.16511
5.14486
5.12366
5.11029
5.09771
5.08073
4.95994
4.9582
4.94922
4.9514
4.95474
4.95087
4.96501
4.97029
4.96832
4.96418
4.96634
4.97313
4.98119
4.98708
4.99767
4.99745
5.00708
5.01102
3.61028
3.61392
3.65748
3.66577
3.67318
3.68321
3.8001
5.39052
3.8782
5.65722
5.69409
24.2271
24.4621
24.7623
24.9369
25.1764
25.548
25.9916
26.443
4.4303
4.4041
4.37806
6.2517
6.20292
6.15681
6.02082
5.97199
5.91975
5.87385
5.82849
5.78577
5.74357
5.70189
5.66075
5.62015
5.58012
5.54066
5.50371
5.4654
5.4277
5.39063
5.35603
5.32204
5.28687
5.25237
5.22384
5.1959
5.1755
5.1453
5.11411
5.25204
5.22413
5.20419
5.18134
5.15567
5.12906
5.10681
5.08364
5.07168
5.05877
5.03983
4.9215
4.92115
4.91205
4.91891
4.91869
4.91471
4.92682
4.93022
4.92819
4.92406
4.92449
4.93283
4.94077
4.94663
4.95713
4.95535
4.96496
4.96902
3.58225
3.58872
3.59443
3.60616
3.61557
3.62417
3.63539
3.64511
3.65398
3.66337
3.7259
3.73981
3.75349
3.76764
3.78228
3.83129
3.84778
3.86316
3.8821
5.62227
5.65723
24.3673
24.736
24.851
25.0305
25.3399
25.9191
26.3752
26.6278
4.41997
4.3937
4.36761
5.89202
5.84597
5.80046
5.75757
5.7152
5.67336
5.63205
5.59128
5.55108
5.51338
5.47622
5.43772
5.39983
5.36256
5.32775
5.29175
5.25641
5.2235
5.19299
5.16827
5.14755
5.11543
5.22169
5.19174
5.1697
5.14658
5.12069
5.0939
5.06968
5.04633
5.03401
5.02078
5.00331
4.88557
4.88657
4.87573
4.88386
4.88182
4.8761
4.88948
4.89107
4.89062
4.88486
4.88525
4.89509
4.90293
4.90545
4.91585
4.91423
4.92216
4.92633
3.5586
3.56321
3.56969
3.5761
3.58307
3.58861
3.5967
3.60534
3.61658
3.62634
3.63527
3.64542
3.68112
3.69407
3.70753
3.7215
3.73597
3.74947
3.76492
3.78085
3.79802
3.81415
3.83073
3.8462
3.86444
5.58611
5.61917
5.66349
24.3393
24.7139
24.833
25.3318
25.9184
26.3113
26.5682
4.40993
4.38361
4.35746
5.90742
5.86502
5.81882
5.77317
5.73218
5.68962
5.64759
5.60609
5.56513
5.52474
5.48683
5.44946
5.41077
5.37269
5.33524
5.30022
5.26403
5.23027
5.1954
5.16638
5.13968
5.11864
5.08634
5.18856
5.16018
5.13784
5.11445
5.08834
5.06133
5.0386
5.01332
4.9973
4.98209
4.86522
4.85093
4.84891
4.8496
4.83868
4.84644
4.84583
4.84161
4.85142
4.85447
4.85393
4.8482
4.84855
4.86309
4.86598
4.86852
4.87721
4.87738
4.88533
4.88962
3.54261
3.54661
3.55377
3.55956
3.56658
3.58768
3.59827
3.60807
3.61775
3.62796
3.66313
3.67613
3.68965
3.70367
3.71821
3.73178
3.74729
3.76329
3.78052
3.79672
3.81338
3.82895
3.84725
5.54674
5.58209
25.6509
26.0444
26.3037
26.5638
4.40021
4.37383
4.34761
5.88349
5.83877
5.79243
5.74663
5.70547
5.66275
5.62055
5.57889
5.53972
5.49914
5.46103
5.42346
5.38458
5.34632
5.30868
5.27346
5.23885
5.20312
5.16979
5.14052
5.11355
5.08884
5.05804
5.02467
5.15807
5.12771
5.10857
5.08317
5.05855
5.03132
5.00665
4.98285
4.96652
4.94771
4.92814
4.86371
4.84701
4.82987
4.81548
4.81318
4.81357
4.80414
4.81154
4.80915
4.8064
4.81274
4.8156
4.81498
4.81087
4.81119
4.83025
4.83313
4.8357
4.84275
4.84143
4.85103
4.85382
3.52984
3.53638
3.54221
3.58047
3.59032
3.60004
3.61031
3.63447
3.64632
3.70094
3.71531
3.73089
3.7477
3.76425
3.78054
3.79652
3.81217
3.83132
5.51249
5.54805
5.72013
25.7841
26.0458
26.3082
4.39079
4.36435
4.33808
5.85813
5.81326
5.76678
5.72084
5.68154
5.63864
5.59429
5.55442
5.51312
5.47429
5.4341
5.39821
5.35916
5.32071
5.28288
5.24747
5.21266
5.17848
5.14493
5.11712
5.09155
5.0632
5.03054
4.99864
5.12844
5.09788
5.0767
5.05277
5.0279
5.00048
4.9756
4.94994
4.93495
4.91751
4.89771
4.89325
4.82952
4.8127
4.79547
4.78097
4.77686
4.77851
4.76896
4.77756
4.77345
4.7721
4.77819
4.77933
4.77862
4.77452
4.77636
4.79197
4.79483
4.79741
4.80443
4.80327
4.81285
4.81578
3.57307
3.58285
3.59317
3.60603
3.6181
3.70004
3.7157
3.73184
3.7492
3.76483
5.48119
5.51698
5.55751
5.68759
5.73092
5.77049
25.3981
25.7275
25.9915
26.4617
4.38169
4.35519
4.32887
5.83565
5.78642
5.73983
5.69379
5.65634
5.61329
5.5688
5.52876
5.48923
5.4502
5.40983
5.37189
5.3345
5.29587
5.25787
5.22226
5.18726
5.15289
5.12084
5.09278
5.06694
5.03835
5.00386
4.97179
4.94208
5.06892
5.04744
5.02326
4.99815
4.97054
4.94544
4.91959
4.90752
4.88819
4.88572
4.86965
4.8545
4.84501
4.82387
4.8116
4.8128
4.79629
4.77935
4.76051
4.74592
4.73703
4.74138
4.73477
4.74451
4.74178
4.7418
4.74612
4.74559
4.7448
4.74071
4.74095
4.7563
4.75915
4.76174
4.76874
4.76617
4.77574
4.78037
3.55635
3.56684
3.57721
3.58945
3.69955
3.7172
3.7339
5.45081
5.4848
5.70161
5.7414
25.4837
25.7498
26.2195
4.37289
4.34634
4.31996
5.81179
5.76037
5.71164
5.66552
5.62992
5.58675
5.5441
5.5039
5.4642
5.42501
5.38634
5.34821
5.30882
5.27183
5.23365
5.1996
5.16439
5.1298
5.10091
5.07089
5.04312
5.01429
4.97963
4.94737
4.91745
5.04086
5.0174
4.99465
4.96931
4.9415
4.9162
4.89017
4.87934
4.85977
4.86002
4.83894
4.82196
4.80905
4.78935
4.77378
4.77147
4.76404
4.74547
4.72658
4.70892
4.69989
4.69644
4.6986
4.70793
4.70654
4.70788
4.71047
4.70982
4.70896
4.70337
4.70208
4.71562
4.72298
4.72711
4.73561
4.73016
3.55133
3.56176
5.42136
5.45558
5.62531
5.67107
5.71105
5.75592
5.79698
25.1817
25.5148
25.9838
26.0523
4.36441
4.33781
4.31138
5.78661
5.73512
5.68631
5.6421
5.60432
5.56298
5.52019
5.47983
5.43997
5.40249
5.3618
5.32532
5.28576
5.24681
5.21024
5.17599
5.14059
5.10751
5.07837
5.04646
5.0201
4.9878
4.95461
4.92219
4.89209
5.0137
4.98666
4.96038
4.93814
4.91179
4.88471
4.85853
4.83952
4.82445
4.83203
4.81074
4.79353
4.78034
4.75895
4.74167
4.72546
4.73129
4.71115
4.68634
4.66434
4.65809
4.65443
4.65773
4.66224
4.67239
4.67352
4.67149
4.67368
4.67274
4.66866
4.66737
4.66884
4.68941
4.70349
4.68633
5.39284
5.42729
5.46832
5.55454
5.59768
5.64359
5.68591
5.73099
5.77227
25.2217
25.7548
25.7619
4.35625
4.32959
4.30311
5.76431
5.71273
5.66381
5.61946
5.5815
5.54002
5.49517
5.45658
5.41844
5.37891
5.3399
5.30143
5.26351
5.22439
5.18764
5.15148
5.11593
5.08267
5.05332
5.02288
4.99465
4.9638
4.93045
4.89943
4.8676
4.9602
4.9337
4.9112
4.88465
4.85739
4.83103
4.81178
4.79796
4.80343
4.78349
4.76452
4.74804
4.72805
4.71062
4.69278
4.67064
4.64599
4.6284
4.61771
4.60818
4.61397
4.61955
4.62209
4.63883
4.63236
4.63438
4.6377
4.63364
4.63378
4.63523
4.63917
5.32356
5.36334
5.4019
5.44312
5.48505
5.52767
5.57097
5.65953
5.70477
5.74625
5.79043
24.6869
25.3371
25.4156
25.3667
4.3484
4.3217
4.29517
5.74485
5.69111
5.64209
5.59761
5.55949
5.51593
5.47289
5.43413
5.39583
5.35615
5.317
5.28017
5.2403
5.20279
5.16414
5.12783
5.09212
5.0587
5.02751
4.99691
4.97171
4.94067
4.90716
4.87597
4.84398
4.81733
4.93306
4.90476
4.88203
4.8569
4.82948
4.80297
4.78348
4.77242
4.77737
4.7557
4.73653
4.71834
4.69969
4.67917
4.66122
4.64438
4.63153
4.6127
4.59791
4.5857
4.57328
4.57593
4.57837
4.58064
4.60532
4.5974
4.59959
4.59697
4.59991
4.60133
4.60408
4.6053
4.6064
5.29493
5.33675
5.37549
5.41687
5.45895
5.50173
5.54519
5.58931
5.63407
5.67946
5.72113
5.76549
5.80815
24.2346
24.3225
24.8935
24.9774
4.34087
4.31412
4.28755
5.67029
5.62117
5.57657
5.53828
5.49459
5.45142
5.41065
5.37406
5.33606
5.29673
5.25794
5.2197
5.18029
5.14322
5.10674
5.0692
5.03726
5.00425
4.97346
4.94964
4.91841
4.88475
4.85186
4.82126
4.7989
4.90691
4.87685
4.84921
4.8224
4.79952
4.76987
4.74871
4.73586
4.7538
4.73192
4.71105
4.69266
4.67238
4.65318
4.63365
4.61527
4.60226
4.58339
4.56575
4.55483
4.54372
4.53518
4.53462
4.53935
4.54809
4.5637
4.55847
4.56147
4.56162
4.56447
4.56726
4.56998
4.56984
4.56823
5.26918
5.31113
5.35004
5.39157
5.43381
5.47675
5.51832
5.56256
5.60953
5.65508
5.69908
5.74145
5.78429
23.7997
23.8927
24.6337
24.6015
24.5124
4.33366
4.30687
4.28025
4.91
5.65228
5.60303
5.55828
5.51981
5.47598
5.43266
5.39173
5.35495
5.31678
5.27729
5.23834
5.19994
5.1621
5.12314
5.08649
5.04881
5.01667
4.98349
4.95252
4.92845
4.89705
4.8617
4.8302
4.79944
4.77686
4.75489
4.85156
4.8222
4.79525
4.77067
4.74096
4.71963
4.70209
4.7297
4.70764
4.68658
4.66655
4.64612
4.62536
4.60573
4.58726
4.57271
4.55381
4.5348
4.52378
4.51395
4.50397
4.49521
4.48769
4.50399
4.52446
4.52059
4.52615
4.53032
4.53173
4.5331
4.53443
4.53709
5.2865
5.32557
5.36725
5.4116
5.45271
5.49647
5.54088
5.58802
5.63163
5.67579
5.72049
5.76134
22.7297
23.2041
23.5207
24.1231
24.2732
4.32678
4.29994
4.27328
4.90086
5.63304
5.58371
5.53885
5.50022
5.45627
5.41284
5.37178
5.33302
5.29473
5.25513
5.21782
5.17929
5.14131
5.10223
5.06545
5.02928
4.99535
4.96202
4.93088
4.90815
4.87504
4.84111
4.80945
4.77854
4.75426
4.73209
4.82728
4.79779
4.76917
4.74443
4.71611
4.69022
4.67394
4.70662
4.68585
4.66314
4.6415
4.61952
4.60006
4.58033
4.56037
4.54434
4.52541
4.50907
4.49661
4.488
4.47793
4.4691
4.4615
4.45385
4.4921
4.48685
4.4869
4.49759
4.50028
4.50163
4.50163
4.50429
5.26472
5.30398
5.34774
5.39033
5.4336
5.47555
5.5181
5.56535
5.61121
5.65555
5.69829
5.73932
22.2431
22.5028
22.9212
23.183
23.7761
23.0661
4.32022
4.29334
4.26663
4.94542
4.90895
5.61461
5.5652
5.52216
5.48146
5.4374
5.39386
5.35267
5.31378
5.27535
5.23563
5.19992
5.16123
5.12311
5.08389
5.04695
5.01063
4.97814
4.94621
4.91329
4.88877
4.8555
4.82143
4.78963
4.76004
4.73701
4.71315
4.80404
4.72082
4.74715
4.72223
4.69524
4.67062
4.65408
4.6802
4.65782
4.63789
4.61471
4.59264
4.57309
4.55328
4.53463
4.51581
4.49688
4.4805
4.46929
4.46056
4.45172
4.44282
4.43516
4.42747
4.4741
4.47675
4.47545
5.24392
5.28523
5.32726
5.37194
5.41344
5.45756
5.50031
5.5457
5.59171
5.63623
5.67915
5.72037
5.76856
21.873
22.1821
22.4928
22.7529
23.0657
22.8568
22.7074
4.31398
4.28706
4.26032
4.93474
4.89817
5.50627
5.46543
5.42124
5.37756
5.33442
5.2954
5.25684
5.21874
5.18287
5.14404
5.10577
5.06807
5.03097
4.99448
4.96021
4.92969
4.89504
4.8703
4.83688
4.80269
4.77074
4.73954
4.69371
4.77126
4.69905
4.72469
4.70107
4.67393
4.64916
4.63239
4.66216
4.63958
4.61802
4.59329
4.5711
4.55004
4.53013
4.51005
4.49117
4.4722
4.45578
4.44575
4.4369
4.42797
4.41772
4.41126
4.40354
4.39834
4.45825
4.45569
5.17976
5.22043
5.2637
5.30775
5.35065
5.3923
5.43654
5.47943
5.52494
5.57108
5.61574
5.66093
5.70019
5.7485
21.3267
21.6781
22.0329
22.241
22.6501
22.6043
22.4626
4.30807
4.28112
4.25433
4.92327
4.88661
4.85171
5.48738
5.44833
5.40404
5.36027
5.31702
5.27788
5.23919
5.19924
5.16325
5.12602
5.08763
5.04982
5.01261
4.94319
4.9125
4.87925
4.85275
4.8192
4.78488
4.67382
4.75621
4.70475
4.67951
4.65511
4.63159
4.64227
4.61953
4.59641
4.57297
4.55065
4.52812
4.50678
4.48663
4.4677
4.44999
4.43351
4.42081
4.41313
4.40285
4.39382
4.38729
4.37952
4.37305
4.43184
5.15902
5.19981
5.24318
5.28735
5.33037
5.37408
5.4165
5.45953
5.50718
5.55141
5.5962
5.64363
5.68309
20.4692
20.8998
21.199
21.594
21.8495
22.3507
22.3605
22.2741
21.867
4.30249
4.2755
4.24868
4.22204
4.19557
4.16928
4.91382
4.87569
4.84069
5.43207
5.38769
5.34018
5.29689
5.25945
5.22068
5.18064
5.14284
5.10722
5.07041
5.03249
4.86283
4.83767
4.80397
4.76802
4.12036
4.09217
4.0628
4.65776
4.66478
4.6416
4.61505
4.59224
4.6249
4.60198
4.57731
4.55375
4.53132
4.50869
4.48593
4.46702
4.4493
4.42894
4.41367
4.39962
4.39181
4.38146
4.37113
4.36453
4.35673
4.35145
5.13932
5.18022
5.2237
5.26796
5.31109
5.35299
5.39747
5.44259
5.48837
5.53476
5.5797
5.62727
5.66903
20.285
20.6688
20.9218
21.2207
21.5677
21.9657
22.1736
21.951
21.7394
4.29724
4.27022
4.24337
4.21669
4.19018
4.16386
4.13771
4.11176
4.90361
4.86677
4.72598
4.69112
5.321
4.5867
5.16295
4.42627
4.85347
4.78967
4.13451
4.10852
4.08124
4.05183
4.64126
4.64393
4.62062
4.59398
4.56209
4.53974
4.5158
4.49304
4.47017
4.45114
4.43201
4.41286
4.39623
4.3821
4.37292
4.3625
4.35211
4.34543
4.33759
4.33105
5.12243
5.16346
5.20706
5.25145
5.29472
5.33676
5.38137
5.42663
5.47254
5.51907
5.56415
5.61394
5.65377
20.1938
20.5343
20.7883
21.0876
21.3883
21.6903
21.9935
21.6859
21.5723
4.29232
4.26527
4.23838
4.21167
4.18513
4.15878
4.1326
4.10661
4.08081
4.89541
4.85575
4.68109
5.30453
4.61003
4.57645
4.54333
4.5083
4.47616
4.44451
4.41451
4.38385
4.32962
4.28859
4.24855
4.21879
4.19273
4.16218
4.12642
4.09935
4.0739
4.04628
4.49739
4.47456
4.45163
4.43123
4.41333
4.39413
4.37745
4.36203
4.35277
4.34228
4.33306
4.32631
4.31844
4.31187
5.14773
5.18964
5.23411
5.27934
5.32153
5.36626
5.41165
5.45569
5.50232
5.54955
5.59946
5.64156
20.0228
20.3623
20.5727
20.8264
21.0802
21.3794
21.8202
21.5203
21.2804
4.28773
4.26065
4.23374
4.20699
4.18043
4.15404
4.12784
4.10182
4.07598
4.88647
4.84811
4.70802
4.673
5.28716
4.56811
4.53491
4.50098
4.46874
4.43699
4.40688
4.37612
4.34922
4.32167
4.28273
4.25208
4.18959
4.15385
4.12099
4.09282
4.06536
4.03954
4.45597
4.43301
4.41256
4.3946
4.37538
4.35989
4.34321
4.33386
4.32452
4.31644
4.30962
4.30052
5.13303
5.17686
5.22147
5.26498
5.3073
5.35215
5.39571
5.44183
5.48857
5.53388
5.58594
5.62818
19.7755
20.0698
20.2799
20.3189
20.6112
20.8179
20.9802
21.361
21.0421
4.28347
4.25636
4.22942
4.20266
4.17606
4.14965
4.12341
4.09737
4.07151
4.87955
4.84111
4.80847
4.70068
4.66558
4.63216
4.59543
4.56167
4.52836
4.49434
4.462
4.43015
4.39994
4.37021
4.34319
4.31442
4.27757
4.24785
4.22081
4.18817
4.14925
4.11823
4.08798
4.0604
4.46025
4.43862
4.41562
4.39514
4.37712
4.35665
4.34234
4.32685
4.31741
4.29415
5.12114
5.1651
5.20802
5.25165
5.29408
5.33904
5.38466
5.42895
5.4758
5.52326
5.57338
5.61785
19.9975
20.1667
20.416
20.5806
20.4511
20.5706
20.8962
20.8051
4.27955
4.25242
4.22545
4.19866
4.17204
4.1456
4.11934
4.09327
4.06738
4.87326
4.83339
4.80068
4.7296
4.69271
4.65755
4.62533
4.58729
4.55347
4.5201
4.4872
4.45479
4.42171
4.39257
4.36388
4.33676
4.3079
4.27312
4.24433
4.21716
4.18337
4.15539
4.08192
4.0533
4.44678
4.42506
4.402
4.38145
4.36336
4.34163
5.11029
5.15437
5.19742
5.24118
5.28376
5.32885
5.37267
5.41903
5.46402
5.51158
5.56179
18.0599
20.1855
20.3141
20.3108
20.3912
20.7149
20.6286
4.27596
4.24881
4.22182
4.195
4.11561
4.08952
4.86487
4.82498
4.79222
4.75579
4.72106
4.68542
4.65021
4.61667
4.57984
4.54596
4.51134
4.47958
4.44595
4.41399
4.38365
4.35491
4.32884
4.29992
4.26617
4.23732
4.21007
4.17623
4.14819
4.07275
4.04411
4.0153
3.84243
3.82074
4.41146
4.38711
4.36775
5.1429
5.18604
5.2299
5.27257
5.31966
5.36361
5.4101
5.45522
5.5029
5.55324
17.6373
17.936
20.1256
20.0865
21.2067
20.298
20.2589
20.5407
20.5387
4.27271
4.24553
4.21853
4.19169
4.89751
4.85851
4.81858
4.78576
4.74796
4.7132
4.67881
4.64354
4.60995
4.57308
4.53915
4.50568
4.47267
4.43899
4.40584
4.37546
4.34668
4.32055
4.29268
4.25996
4.23104
4.20269
4.16984
4.14074
4.05863
4.03101
4.00135
3.96799
3.95068
3.92599
3.90205
3.8763
3.85307
3.8331
3.81223
3.79295
5.13071
5.17391
5.21966
5.26243
5.3096
5.35364
5.40021
5.44542
5.49319
5.5436
17.5859
17.8853
18.0847
19.6005
19.6884
20.1686
20.0146
20.3735
20.4538
4.2698
4.2426
4.21557
4.18872
4.96686
4.92708
4.89463
4.85418
4.81418
4.78129
4.74212
4.70731
4.67415
4.63882
4.60641
4.56824
4.53424
4.50071
4.46882
4.28834
4.25661
4.2276
4.19813
4.16725
4.13605
4.04724
4.0206
3.99098
3.96218
3.94303
3.9192
3.89437
3.86947
3.84622
3.82622
3.80533
3.78681
3.17399
3.18165
3.18698
3.19429
3.2046
5.12137
5.16285
5.21047
5.25518
5.30245
5.3466
5.39133
5.43861
5.48649
17.2426
17.5071
17.8397
18.0401
18.3084
18.6131
18.9203
19.304
19.8095
19.7803
20.0182
20.3738
4.26722
4.24001
4.21296
4.18609
4.15939
4.254
4.22491
4.19535
4.1654
4.13411
4.07063
4.03949
4.01284
3.98415
3.95624
3.93704
3.91232
3.88833
3.86258
3.84015
3.82012
3.80002
3.14495
3.1716
3.17779
3.1807
3.18461
3.19244
3.20473
5.10958
5.15287
5.20233
5.24711
5.38542
5.43279
5.47877
5.52731
17.9002
19.3858
19.2871
19.4157
19.8495
19.7058
19.9438
20.3381
4.26498
4.23775
4.21069
4.1838
4.15709
4.03344
4.00863
3.98082
3.95286
3.93184
3.90709
3.88223
3.85564
3.83404
3.81482
3.79389
3.14335
3.14115
3.13768
3.16972
3.17545
3.17886
3.18184
3.18823
5.0989
5.14219
5.24009
5.37859
5.42602
5.47205
17.4308
17.8312
19.5062
19.2156
19.3825
19.8165
19.674
19.9126
20.2287
4.26308
4.23584
4.20877
4.18187
4.15514
4.05836
4.03004
4.00611
3.98097
3.95471
3.93181
3.90351
3.87863
3.85285
3.83451
3.81194
3.78937
3.13872
3.137
3.13447
3.16178
3.17328
3.17627
3.18218
5.08757
5.12906
5.37278
5.42026
17.2088
17.6024
17.6397
19.674
19.2054
19.7884
19.6471
19.886
20.2415
4.26151
4.23426
4.20718
4.18027
4.15353
4.05481
4.02648
4.00344
3.97917
3.95465
3.92992
3.90158
3.87666
3.85419
3.83578
3.81312
3.78966
3.13342
3.13091
3.13263
3.13355
3.12998
3.13339
3.13967
3.14468
3.14932
3.15358
3.16781
3.17224
3.17575
5.368
17.0904
17.4164
17.4245
18.4134
18.964
19.4601
19.6249
19.8642
20.2199
4.26029
4.23303
4.20594
4.17902
4.15228
4.02275
4.00063
3.97634
3.95091
3.92706
3.89872
3.87378
3.8513
3.83287
3.81183
3.79075
3.12763
3.09647
3.13043
3.12747
3.12782
3.12828
3.12747
3.13043
3.13486
3.14032
3.14495
3.14967
3.15916
3.16783
3.17135
3.1768
17.0403
17.2708
17.3748
17.732
17.93
18.1602
18.526
19.2569
19.5326
19.7335
19.5252
4.2594
4.23214
4.20505
4.17812
4.15137
5.36495
4.01794
3.99492
3.97068
3.94529
3.92236
3.89578
3.8717
3.84922
3.83077
3.80972
3.78943
3.77071
3.75508
3.12629
3.09637
3.08945
3.12552
3.12496
3.12679
3.12645
3.12941
3.13384
3.1393
3.14394
3.14867
3.15581
3.16493
3.16988
3.17344
17.0575
17.2259
17.3616
17.719
17.8845
18.1476
18.5135
19.0988
19.3721
19.4983
19.3341
4.25886
4.23829
4.20449
4.17756
4.15081
5.41128
5.35999
5.31111
4.01392
3.99184
3.96761
3.94314
3.92021
3.89451
3.86873
3.84459
3.82782
3.80679
3.78573
3.76702
3.13657
3.12501
3.09416
3.08769
3.12587
3.12645
3.12895
3.13477
3.13931
3.14396
3.14869
3.15631
3.16497
3.16946
3.17636
17.0801
17.1864
17.7109
17.8767
18.1068
18.5058
19.0911
19.2552
19.3815
19.0818
4.23892
4.20428
4.17735
4.1506
5.80962
5.75763
5.70608
5.65299
5.45335
5.4071
5.35768
5.30528
3.96894
3.94532
3.92148
3.89402
3.86824
3.18964
3.17662
3.14324
3.13534
3.1238
3.09251
3.08648
3.0819
3.12656
3.12952
3.13488
3.13943
3.14454
3.14928
3.15879
3.16605
3.17007
3.17697
3.18585
17.0149
17.8737
18.1039
18.4349
18.9099
19.2162
19.3426
19.2888
4.2399
4.20442
4.17749
4.15074
5.80995
5.75795
5.70641
5.65332
5.5988
5.45554
5.40927
5.35982
5.30916
5.26436
3.94653
3.9218
3.89434
3.20527
3.18983
3.1773
3.16523
3.15456
3.14436
3.13554
3.124
3.08626
3.12678
3.12975
3.13557
3.14012
3.1457
3.14997
3.15948
3.16627
3.17029
3.17767
3.18608
17.9082
18.1388
18.4368
18.8065
19.1821
19.3444
19.4691
4.23954
4.2049
4.17797
4.15122
5.90988
5.85711
5.81108
5.7591
5.70757
5.65449
5.59997
5.45855
5.41042
5.36098
5.30678
5.26205
3.94852
3.92466
3.21896
3.20596
3.19101
3.178
3.16593
3.15527
3.14553
3.13671
3.12517
3.11504
3.0857
3.12655
3.12803
3.131
3.13728
3.14137
3.14695
3.15123
3.16168
3.16801
3.17155
3.17893
3.18782
3.19628
3.22726
17.9478
18.1788
18.5115
18.8132
19.1528
19.3508
19.5116
4.23952
4.20572
4.1788
4.15206
5.9118
5.86118
5.81303
5.76106
5.70955
5.65648
5.60198
5.41241
5.36118
5.30525
5.26059
5.21468
3.25922
3.21917
3.20619
3.19125
3.17873
3.16667
3.15602
3.14583
3.13748
3.12639
3.11581
3.08994
3.08482
3.08199
3.12883
3.12986
3.13236
3.13864
3.1432
3.14831
3.15258
3.16446
3.16936
3.17289
3.18028
3.18916
3.1981
3.21101
3.22253
3.23109
17.7288
17.9268
18.1904
18.523
18.7897
19.1283
19.3619
19.5224
4.23397
4.20689
4.17998
4.15324
5.91451
5.86178
5.81369
5.76385
5.71031
5.65931
5.60483
5.41339
5.36401
5.30987
5.26521
5.2193
5.17561
3.26038
3.22037
3.2074
3.19344
3.17996
3.16838
3.15774
3.14755
3.13967
3.12904
3.11801
3.09266
3.08842
3.08472
3.07981
3.12894
3.13042
3.13245
3.13781
3.14327
3.14837
3.15263
3.16402
3.17081
3.17432
3.1817
3.19106
3.19999
3.21389
3.22542
3.23498
3.24605
3.26536
17.7135
17.9435
18.1404
18.4711
18.7364
19.0731
19.3414
19.5015
4.23548
4.2084
4.1815
4.15477
5.91586
5.86319
5.81726
5.76745
5.71394
5.66297
5.60653
5.46693
5.41887
5.36949
5.32067
5.27418
5.22821
5.18618
5.14628
4.85362
4.80746
3.26458
3.24828
3.22453
3.21155
3.19612
3.18264
3.17107
3.16043
3.15071
3.14376
3.13266
3.12116
3.09461
3.09081
3.08755
3.0822
3.0809
3.12984
3.12654
3.12779
3.13053
3.13246
3.13357
3.13661
3.17234
3.17679
3.194
3.20342
3.21684
3.22987
3.23893
3.26643
3.27819
17.7032
17.9651
18.1286
18.4244
18.6882
19.023
19.2898
19.4851
4.23732
4.21026
4.18337
5.86753
5.81954
5.7698
5.7184
5.66545
5.60512
5.47323
5.42518
5.37762
5.33235
5.28578
5.24148
5.19595
5.15602
4.86159
4.81097
3.25549
3.24313
3.2287
3.21572
3.20124
3.18727
3.17711
3.16645
3.15765
3.14837
3.13726
3.12711
3.13949
3.10856
3.10362
3.09965
3.09577
3.09198
3.08872
3.08338
3.08121
3.13247
3.12984
3.12961
3.13086
3.1336
3.13552
3.13662
3.13966
3.17982
3.19798
3.20741
3.21985
3.23187
3.26132
3.27153
13.9852
17.8612
17.9909
18.2499
18.5099
18.9778
19.2787
19.5093
4.2395
4.21245
4.18558
5.92093
5.87054
5.82262
5.77295
5.71958
5.66875
5.60848
5.54323
5.38659
5.34132
5.29474
5.25043
5.2066
4.86747
4.81539
3.24631
3.23238
3.21941
3.20396
3.19
3.18129
3.17063
3.16185
3.15164
3.14099
3.13039
3.14245
3.13175
3.11155
3.10617
3.10133
3.09745
3.09367
3.09087
3.08597
3.0838
3.13659
3.13394
3.13371
3.13495
3.13815
3.14007
3.14162
3.14605
3.15197
3.15706
3.16128
3.17802
3.1834
3.19075
3.20107
3.21097
3.22241
3.23392
3.24293
14.0521
14.4826
14.7109
17.445
17.6687
17.8925
18.1813
18.4061
18.834
19.2366
19.4659
4.24202
4.21499
5.87647
5.82861
5.779
5.72567
5.67489
5.61069
5.54749
5.42219
5.35656
5.30456
5.02753
4.96913
4.92126
4.87577
4.82368
4.78288
3.26382
3.25048
3.23656
3.2236
3.20913
3.19612
3.18694
3.17533
3.16608
3.15589
3.14524
3.1351
3.15916
3.15021
3.14548
3.13478
3.11462
3.1097
3.10531
3.10056
3.09723
3.09399
3.08952
3.0878
3.13954
3.141
3.14421
3.14612
3.14673
3.15256
3.15709
3.1617
3.16591
3.1841
3.18899
3.19585
3.20617
3.21558
3.22652
3.23802
14.063
14.3281
14.4918
14.6979
14.905
17.6724
18.4398
18.7652
19.1292
19.4629
5.88535
5.83753
5.78585
5.73257
5.67982
5.61372
5.54869
5.42925
5.36726
5.31702
5.27269
5.22021
5.12537
5.07827
5.03352
4.97833
4.93202
4.88499
4.83288
4.79065
3.27001
3.25565
3.24124
3.22829
3.2148
3.20324
3.19214
3.18053
3.1713
3.16111
3.15
3.14032
3.16313
3.1542
3.14763
3.13833
3.12958
3.12318
3.11776
3.11331
3.10893
3.10419
3.10087
3.09763
3.09273
3.15241
3.15778
3.18882
3.1932
3.20004
3.20986
3.22025
3.23118
7.99907
9.14703
13.3842
13.8767
14.098
14.3421
14.5259
14.7315
14.9382
15.2129
15.4917
15.7746
16.0373
19.0623
19.4643
5.89288
5.84937
5.79351
5.74029
5.6876
5.61954
5.5507
5.47558
5.43528
5.37336
5.32499
5.28956
5.23002
5.18685
5.13375
5.08671
5.04364
4.99003
4.94059
4.89513
4.84151
4.79641
3.27722
3.26183
3.24692
3.23347
3.22049
3.20943
3.19785
3.18673
3.1775
3.16731
3.15574
3.14606
3.16809
3.1587
3.15123
3.14241
3.13275
3.12052
3.11262
3.10789
3.10369
3.10091
3.0523
3.04906
3.04761
3.04752
3.04752
3.04719
3.04696
3.19409
3.03421
3.04136
3.04896
3.05702
7.92138
8.02691
8.14189
8.95452
9.07344
9.17741
13.23
13.4058
13.6397
13.8965
14.1169
14.3394
14.5219
14.7262
14.9316
15.1825
15.4363
15.7164
15.9525
16.264
19.47
5.85778
5.80197
5.74675
5.69415
5.62616
5.54966
5.48421
5.44213
5.38758
5.33918
5.30914
5.23895
5.1447
5.09769
5.05303
5.00104
4.95005
4.90618
4.84955
3.28442
3.26903
3.25309
3.23965
3.22717
3.2176
3.20454
3.19536
3.18518
3.17451
3.16198
3.15278
3.16372
3.1558
3.14606
3.13596
3.12824
3.12287
3.11503
3.11031
3.10524
3.10293
3.05399
3.0533
3.05288
3.05254
3.03249
3.03917
3.0463
3.05389
3.06194
7.96608
8.06474
8.17937
8.31099
8.41754
8.53359
8.64453
8.75746
8.87232
8.98901
9.09928
9.21091
9.33238
13.2567
13.4315
13.6837
13.9203
14.1599
14.3612
14.5638
14.7675
14.9724
15.2229
15.4306
15.6858
15.9201
16.2047
16.5185
5.86485
5.81124
5.75608
5.70559
5.54749
5.49176
5.44793
5.39716
5.35064
5.3243
5.25047
5.20249
5.15653
5.10789
5.0633
5.01136
4.9604
4.91814
4.86599
3.30537
3.29057
3.27518
3.25925
3.24583
3.23386
3.22382
3.21126
3.2021
3.19193
3.18127
3.16968
3.16001
3.1702
3.16182
3.15116
3.14106
3.13243
3.12845
3.11549
3.10997
3.06387
3.06182
3.05942
3.05874
3.05831
3.0584
3.05815
3.05841
3.03792
3.04459
3.05171
3.05929
3.06732
8.00134
8.09935
8.2134
8.34454
8.45042
8.55845
8.67611
8.78064
8.90255
9.01859
9.1364
9.2475
9.36849
9.49105
9.63306
13.306
13.4988
13.7511
13.9877
14.207
14.4076
14.6095
14.8126
15.0169
15.2669
15.4741
15.7289
15.9152
16.1982
16.4604
16.7509
5.91372
5.87056
5.81919
5.76621
5.60234
5.5519
5.49821
5.45453
5.40757
5.3575
5.33674
5.25818
5.22036
5.07445
5.02255
4.97163
4.9279
4.88036
3.29668
3.28079
3.26488
3.25199
3.24055
3.23004
3.2175
3.20886
3.19871
3.18806
3.17695
3.16776
3.18705
3.1772
3.16883
3.15816
3.14758
3.13896
3.135
3.12208
3.1161
3.07321
3.07109
3.06861
3.06578
3.06562
3.06596
3.06554
3.06519
3.06493
3.06561
3.06938
3.05047
3.05758
3.06514
3.07316
3.14162
3.15312
8.14393
8.25758
8.38132
8.48649
8.60125
8.8146
8.92791
9.27024
9.66227
9.80594
9.94238
13.3408
13.5325
13.7838
14.0194
14.2376
14.4371
14.6379
14.84
15.0432
15.2698
15.4984
15.7289
15.9375
16.1953
16.4065
16.7194
5.92437
5.87918
5.82793
5.7709
5.68617
5.6152
5.5648
5.51115
5.47694
5.42804
5.38337
5.3591
5.32051
5.2805
5.23742
5.08978
5.03462
3.3038
3.28792
3.27253
3.25965
3.24874
3.23825
3.22572
3.21661
3.20599
3.19584
3.18425
3.19359
3.18472
3.17636
3.1671
3.1565
3.14879
3.14577
3.14233
3.13101
3.12366
3.08181
3.07882
3.07634
3.0735
3.07291
3.07327
3.07284
3.07205
3.07178
3.07288
3.07579
3.05682
3.06391
3.07146
3.07946
3.08791
3.0968
3.10613
3.1159
3.1261
3.13673
3.14778
3.15926
3.17114
8.18505
8.29808
8.41409
8.52568
8.63227
8.74858
8.85159
8.96417
9.07047
9.18651
9.30428
9.53589
9.68525
9.82807
13.361
13.5511
13.8009
14.0348
14.2515
14.4703
14.67
14.871
15.0731
15.2987
15.5262
15.7557
15.9396
16.1958
16.4057
16.6916
5.89286
5.83955
5.77429
5.68576
5.62689
5.57657
5.5249
5.49081
5.44197
5.40105
5.36416
5.32757
5.28953
5.2466
3.31351
3.29762
3.28377
3.27037
3.25896
3.24797
3.23544
3.22833
3.21788
3.20902
3.20064
3.19179
3.18345
3.17514
3.16547
3.15963
3.15617
3.15135
3.14658
3.13956
3.13173
3.11451
3.08705
3.08413
3.08107
3.08064
3.07984
3.08
3.08109
3.08357
3.0707
3.07823
3.09464
3.10352
3.13276
3.14336
3.15439
3.16584
3.1777
8.24302
8.34872
8.47151
8.57533
8.68888
8.79709
8.89942
9.00336
9.10885
9.22415
9.34116
9.46853
9.5801
9.72001
9.86218
13.4035
13.5924
13.8606
14.094
14.31
14.5072
14.7058
14.9056
15.1286
15.3535
15.5575
15.7859
15.9924
16.2239
16.4327
16.6925
5.69012
5.63541
5.58524
5.52989
5.48469
5.43994
5.3975
5.2887
5.24608
3.43032
3.41536
3.34012
3.32481
3.30837
3.29451
3.28111
3.27021
3.25873
3.24769
3.23911
3.24448
3.23469
3.22537
3.21653
3.20818
3.19984
3.19151
3.18322
3.17355
3.16773
3.1643
3.15902
3.1538
3.13251
3.12254
3.11858
3.1174
3.11359
3.08938
3.0885
3.08769
3.08828
3.08936
3.0914
3.0935
3.07795
3.08546
3.11069
3.13986
3.15044
3.16145
3.17287
8.30438
8.40968
8.52494
8.62812
8.7411
8.84867
8.95029
9.05353
9.15833
9.27301
9.39801
9.52503
9.62715
9.7666
9.89898
13.4872
13.6756
13.944
14.1772
14.3722
14.5686
14.7664
14.9653
15.1655
15.412
15.6152
15.8429
16.0249
16.2554
16.4631
16.6967
5.64865
5.60053
5.54906
5.50199
5.29932
5.25687
3.48856
3.44217
3.42606
3.40863
3.33394
3.31963
3.3063
3.29341
3.28148
3.27
3.26313
3.25391
3.24364
3.23384
3.22454
3.21671
3.2079
3.1996
3.19132
3.18213
3.17585
3.17198
3.16673
3.13832
3.13062
3.12665
3.12549
3.12211
3.12108
3.09773
3.09648
3.09705
3.09858
3.10016
3.10225
3.10529
3.08564
3.09314
3.10947
3.1183
3.15796
3.16894
3.18034
8.28771
8.36906
8.48847
8.59632
8.69914
8.81188
8.91118
9.02026
9.12306
9.22741
9.34178
9.46659
9.59343
9.69505
9.83445
9.96667
13.5561
13.7436
14.0116
14.2441
14.4175
14.6127
14.8092
15.0288
15.2281
15.4513
15.6533
15.8799
16.0845
16.2901
16.5213
16.7292
5.61465
5.56327
3.50028
3.48072
3.46688
3.45277
3.4361
3.41926
3.40283
3.34464
3.33034
3.31755
3.3052
3.29642
3.28475
3.27407
3.26334
3.25308
3.24331
3.23403
3.22623
3.21744
3.20915
3.20088
3.19217
3.18687
3.18159
3.14863
3.14313
3.14321
3.13826
3.13384
3.13315
3.12977
3.12782
3.10658
3.1053
3.10587
3.10739
3.10942
3.11105
3.11363
3.11626
3.09379
3.10127
3.10919
3.11756
3.12636
3.16592
3.17687
3.18824
8.35645
8.44423
8.54884
8.65608
8.75819
8.87032
8.96884
9.07722
9.17925
9.2913
9.40516
9.52076
9.64701
9.75694
9.89606
13.5909
13.796
14.0629
14.2943
14.4664
14.6602
14.8555
15.0738
15.2719
15.4939
15.7179
15.9437
16.1236
16.328
16.5581
16.7649
3.46327
3.44662
3.42922
3.41281
3.37113
3.3421
3.33147
3.31835
3.30625
3.29513
3.28396
3.27377
3.26354
3.25379
3.24453
3.23626
3.22748
3.2192
3.21095
3.20321
3.19841
3.19266
3.18695
3.1581
3.15352
3.15225
3.14776
3.14287
3.1422
3.13881
3.11545
3.11416
3.11472
3.11624
3.11826
3.11987
3.12289
3.1255
3.12997
3.13448
3.10725
3.10984
3.11774
3.12608
3.13487
3.17432
3.18524
3.19658
8.42127
8.50823
8.61221
8.71882
8.82021
8.9317
9.02941
9.13708
9.2383
9.34964
9.4541
9.5777
9.70335
9.81252
9.95112
13.8325
14.0978
14.3275
14.5186
14.7112
14.9051
15.1003
15.2968
15.5398
15.7626
15.9873
16.1659
16.3934
16.5981
16.8036
3.502
3.48766
3.47305
3.45644
3.43907
3.4227
3.40845
3.3946
3.3817
3.36588
3.35326
3.34323
3.34062
3.32864
3.31656
3.30601
3.29539
3.28522
3.27501
3.26528
3.25603
3.24778
3.23851
3.23025
3.222
3.21476
3.20999
3.20377
3.19758
3.16348
3.15728
3.15192
3.15126
3.14786
3.14591
3.12525
3.12348
3.12404
3.1251
3.12756
3.12916
3.13172
3.13476
3.13876
3.14372
3.14778
3.15093
3.10941
3.11243
3.11767
3.12379
3.12673
3.13505
3.1438
3.18315
3.19404
3.20535
8.48909
8.5752
8.67853
8.78449
8.88512
8.99597
9.09283
9.19976
9.30016
9.40214
9.51441
9.63738
9.7624
9.87077
13.9113
14.1761
14.405
14.5742
14.7654
14.958
15.1519
15.3471
15.589
15.8105
16.034
16.2353
16.4377
16.6411
3.4827
3.46731
3.44938
3.43305
3.39107
3.37528
3.36217
3.35244
3.3394
3.3279
3.31739
3.30785
3.29771
3.28699
3.27779
3.26856
3.26033
3.25107
3.24281
3.23407
3.22733
3.22209
3.21538
3.20821
3.16822
3.1633
3.1622
3.15879
3.13734
3.13643
3.13419
3.13474
3.13578
3.13825
3.13983
3.14237
3.14541
3.14939
3.15481
3.15838
3.12351
3.12674
3.13192
3.13615
3.14444
3.15318
3.1924
3.20326
3.21454
8.55244
8.65257
8.74773
8.85302
8.95288
9.06305
9.15905
9.26522
9.36476
9.47462
9.57742
9.69974
9.82411
9.93167
10.0692
13.974
14.2579
14.4861
14.6541
14.823
15.0359
15.2288
15.423
15.6413
15.8849
16.1076
16.2839
16.485
16.6871
3.47924
3.46015
3.44327
3.40088
3.30858
3.29789
3.28926
3.28005
3.27185
3.26209
3.25437
3.24613
3.23992
3.2347
3.227
3.1889
3.18579
3.18366
3.17964
3.17329
3.14717
3.14583
3.14591
3.14741
3.14941
3.15098
3.1535
3.15652
3.16097
3.16637
3.13449
3.13747
3.13542
3.13817
3.146
3.15427
3.16298
3.20209
3.21291
3.22415
8.63338
8.72536
8.82751
8.92434
9.1329
9.22801
9.33339
9.44073
9.54114
9.64307
9.76473
9.88843
14.0596
14.3229
14.5498
14.7163
14.9051
15.1171
15.309
15.5022
15.7196
15.9626
16.1844
16.3839
16.5598
16.7361
3.49044
3.47137
3.45335
3.30927
3.30067
3.2915
3.28334
3.27307
3.26435
3.25665
3.25098
3.2024
3.19979
3.1967
3.19411
3.18914
3.15848
3.16197
3.16259
3.16463
3.16669
3.17113
3.177
3.14845
3.15216
3.15629
3.16453
3.17321
3.18232
3.19185
3.20181
3.21219
3.22298
3.23419
8.70973
8.80866
8.91028
8.99839
9.09666
9.21381
9.29965
9.41287
9.51077
9.61027
9.7204
9.95531
14.1289
14.3911
14.6167
14.8029
14.9905
15.2016
15.3701
15.5846
15.8012
16.0435
16.2645
16.4386
16.6378
16.8131
3.50148
3.48304
3.46445
3.2137
3.21161
3.17361
3.17372
3.17574
3.17683
3.16479
3.17521
3.18386
3.21236
3.23347
8.79651
8.8949
8.99597
9.08327
9.18086
9.2891
9.3825
9.4864
9.58338
9.69101
9.80048
9.91173
10.0342
14.2212
14.4623
14.6657
14.8501
15.0359
15.2452
15.4343
15.6247
15.8627
16.1038
16.3235
16.4961
16.694
16.8179
3.51296
3.49515
3.47718
3.18482
3.18634
3.18548
3.16408
3.17475
3.18165
3.1909
3.19869
8.97599
9.07635
9.1627
9.25945
9.4507
9.56248
9.65851
9.77448
9.87396
9.99387
10.1159
14.2967
14.516
14.7386
14.9214
15.1058
15.3138
15.5239
15.7362
15.974
16.1908
16.4097
16.6058
16.778
16.9004
3.5071
3.48916
3.1988
3.1974
3.1984
3.2018
3.1753
3.18692
3.19428
3.204
3.21128
9.06778
9.15927
9.24465
9.52999
9.64104
9.74524
9.94988
10.1903
14.22
14.3954
14.6139
14.8144
14.9958
15.1786
15.3852
15.5714
15.8049
16.0414
16.2569
16.45
16.6444
16.8149
6.42892
6.41761
6.39439
3.2117
3.21266
3.21603
3.22234
3.22518
3.22602
3.22238
3.22262
3.22132
3.22774
3.24434
3.26558
3.27373
9.15404
9.2531
9.33761
9.62065
9.72202
9.82535
14.303
14.4973
14.7149
14.8931
15.0729
15.2543
15.4595
15.6441
15.8532
16.088
16.3017
16.4931
16.6857
16.8544
6.51886
6.47464
6.46476
6.57964
6.54947
6.52167
6.51474
6.50637
6.49662
6.48923
6.46222
6.44146
6.43048
6.41837
3.22589
3.22924
3.23505
3.23934
3.2396
3.23583
3.23648
3.23408
3.23804
3.2444
3.25068
3.25939
3.27871
3.28527
3.29584
9.70486
9.81458
14.3686
14.5816
14.7979
14.996
15.1528
15.3547
15.5364
15.7424
15.9505
16.1608
16.3491
16.5387
16.7542
16.8965
6.62811
6.58542
6.54859
6.56154
6.63968
6.61358
6.58599
6.57582
6.56413
6.55474
6.54394
6.52059
6.49979
6.49252
6.48768
6.48526
3.24821
3.24977
3.25214
3.25947
3.2652
3.27389
3.29381
3.29772
3.30825
14.5862
14.8836
15.0587
15.2136
15.4137
15.6161
15.7977
16.0041
16.2125
16.399
16.6112
16.8254
16.9661
6.76818
6.7216
6.68859
6.64993
6.61335
6.61993
6.6059
6.59383
6.67144
6.64411
6.63827
6.62696
6.61411
6.59976
6.58021
6.56687
3.25364
3.25794
3.26322
3.2655
3.26769
3.27448
3.28169
3.30884
3.3137
3.32421
14.5733
15.6983
15.9015
16.1303
16.3143
16.4996
16.7109
16.9242
17.0634
6.85764
6.83331
6.78303
6.75048
6.71213
6.67585
6.66817
6.67001
6.64331
6.76221
6.73885
6.73357
6.72258
6.70203
6.68386
6.66808
3.26661
3.26987
3.27615
3.2824
3.28705
3.28698
3.28322
3.28401
3.28266
3.28889
3.29658
3.31621
3.32271
3.32802
3.3385
14.2644
14.5978
15.7603
15.9617
16.1888
16.3709
16.5544
16.7639
16.9753
17.1127
6.82783
6.77866
6.89183
6.83785
6.79796
6.76788
6.7397
6.72503
6.7316
6.86788
6.84866
6.83167
6.81285
6.79229
6.78216
3.28254
3.28525
3.29101
3.29724
3.30185
3.30221
3.3004
3.30057
3.29752
3.30319
3.33161
3.33751
3.34488
3.35589
14.3501
14.6438
14.8853
15.8019
16.001
16.2259
16.4059
16.5872
16.8191
6.85026
6.81861
6.95155
6.88168
6.82258
6.80891
6.797
6.79081
6.79833
6.97673
6.94715
6.92405
6.9032
6.88461
6.8683
6.85842
6.85082
3.29836
3.29635
3.30208
3.30671
3.3139
3.31575
3.31645
3.31915
3.34199
3.3485
3.35434
3.36328
14.4571
14.7312
14.9919
15.2169
15.739
15.9089
15.9045
16.0746
6.97238
6.91952
6.89231
6.93032
6.86355
6.79573
6.83941
6.84587
6.87037
7.02377
7.00092
6.97605
6.95768
6.94158
6.93615
6.92877
3.31859
3.32575
3.32965
3.33078
3.335
14.5665
14.8406
15.0806
15.3046
15.4685
15.634
15.7791
15.9252
15.9409
16.1091
6.99023
6.95956
6.95057
6.99616
6.92119
6.8533
6.9065
6.90987
6.93556
6.89385
7.0836
7.05448
7.03201
7.0161
7.01531
7.01245
7.00755
6.98355
6.962
6.96395
6.94708
3.34444
3.34495
14.6784
14.9524
15.2748
15.4575
15.5995
15.7209
15.8428
15.9871
16.0009
16.1895
7.06238
7.02399
7.00768
7.06737
6.992
6.92779
6.97065
6.95849
6.98931
6.96014
6.9208
7.16784
7.1343
7.12076
7.105
7.10024
7.0933
7.0886
7.06867
7.04677
7.04884
7.03158
7.02097
7.00837
7.0023
14.773
15.0464
15.4527
15.5925
15.7117
15.8098
15.8867
16.0291
16.0628
7.14434
7.10203
7.10735
7.13984
7.06407
6.99959
7.03995
7.01596
7.05212
7.02742
6.97985
7.21546
7.20221
7.18662
7.18669
7.17997
7.17547
7.1553
7.13306
7.13083
7.1132
7.09791
7.08493
7.07421
14.85
15.122
15.5275
15.7302
15.8045
15.9008
15.954
16.0947
16.1483
7.19013
7.1795
7.21355
7.13312
7.06845
7.08674
7.13289
7.10842
7.06055
7.33153
7.30252
7.28955
7.26954
7.26545
7.25896
7.25465
7.23432
7.20059
7.18042
7.16702
14.8587
14.9682
15.2607
15.5828
15.8707
15.9211
15.9938
16.045
16.1841
16.1919
7.44285
7.3937
7.27136
7.24849
7.28403
7.19891
7.21502
7.18644
7.14261
7.41527
7.38159
7.36893
7.34436
7.34061
7.33435
7.33025
7.31439
14.9808
15.0886
15.4021
15.7469
16.0362
16.062
16.1107
16.1377
16.2533
16.281
7.52214
7.46857
7.34961
7.31848
7.36002
7.2743
7.28956
7.26118
7.20415
7.43311
7.43504
7.40587
13.6152
14.9458
15.0709
15.4209
15.5088
16.2051
16.0066
16.1883
16.3019
4.31005
4.28615
4.2157
5.56923
5.53338
5.49273
7.59797
7.53056
7.42011
7.3494
7.42799
7.34636
7.33346
7.32789
7.26186
7.21614
7.16851
13.7216
14.9088
15.0308
15.1541
15.5894
15.4829
16.3522
4.32393
4.3001
4.27649
4.25983
4.22988
4.2069
5.59917
5.56345
5.52288
5.49327
5.47091
5.43335
5.39293
5.35312
5.32052
5.28186
5.2374
5.20167
7.67008
7.59324
7.48696
7.38942
7.48293
7.41482
7.32733
7.37256
7.33336
7.28748
6.30785
6.34485
13.6892
13.8126
13.9207
15.116
15.3193
15.7766
15.3096
15.4333
15.5581
15.7447
15.8925
4.31435
4.29081
4.27597
4.25194
4.22146
6.05145
6.00107
5.63329
5.59588
5.55538
5.54005
5.50909
5.47155
5.43111
5.38622
5.35207
5.31513
5.26902
5.23178
5.20467
7.74311
7.63755
7.53151
7.43865
7.36251
7.48862
7.38274
7.41014
7.35508
6.22588
6.25289
6.28964
6.35981
6.39362
6.83732
13.9562
14.0459
14.7212
14.8745
15.0492
15.1486
15.3077
15.4092
15.5315
15.6548
15.8199
4.30541
4.29328
4.26845
4.24302
4.22119
6.08539
6.03294
5.60104
5.58064
5.54978
5.50522
5.46656
5.42676
5.38926
5.34734
5.30779
5.2689
5.24193
5.2266
7.81703
7.7013
7.57635
7.48822
7.42994
7.38263
7.39408
6.22872
6.25028
6.28441
6.30544
6.33624
6.41249
6.44605
6.89584
13.9633
14.0846
14.6607
14.848
15.0003
15.1743
15.2721
15.4105
15.5303
15.6513
15.7734
15.9582
4.31264
4.28526
4.25904
4.23729
4.21742
6.11994
6.06538
6.01374
5.63111
5.59485
5.56265
5.46634
5.42885
5.38013
5.34229
5.30836
5.27662
5.25672
5.21794
7.8271
7.6937
7.63543
7.56548
7.50256
7.43757
5.28982
6.26542
6.28843
6.30974
6.3409
6.36453
6.40696
6.47495
6.50529
6.95875
14.0946
14.2325
14.337
14.497
14.7897
14.9765
15.1279
15.2815
15.3975
15.5347
15.6331
15.773
15.9143
16.0779
4.33549
4.32451
4.29895
4.27365
4.24442
4.22972
4.20767
6.20375
6.1485
6.09622
6.04468
5.9897
5.63165
5.61595
5.57333
5.52606
5.4657
5.41178
5.37235
5.34023
5.30698
5.28571
5.24542
8.06726
7.98056
7.87192
7.76256
7.69024
7.63436
7.56683
7.50627
7.34828
5.33187
5.32482
5.31318
5.29669
5.30096
6.33196
6.35189
6.37591
6.407
6.44532
6.49716
6.53528
6.56848
6.59658
7.0156
7.06377
13.9896
14.175
14.3113
14.4319
14.5906
14.7892
15.03
15.1988
15.3507
15.5047
15.6406
15.7577
15.8964
16.0367
4.35094
4.3375
4.3129
4.28257
4.26021
4.23808
4.21617
4.1945
6.25923
6.23269
6.17316
6.12107
6.05269
6.00443
5.83575
5.78665
5.66297
5.61658
5.56557
5.5155
5.44395
5.4029
5.36759
5.32956
8.14834
8.05615
7.92692
7.83207
7.75014
7.69917
7.627
7.49489
7.40749
7.32774
5.39243
5.37251
5.36138
5.35506
5.33472
5.33414
5.3326
5.34128
6.37802
6.39953
6.41926
6.4491
6.47415
6.51862
6.55842
6.59958
6.62946
6.81815
7.07323
7.12477
13.9599
14.1413
14.3091
14.4445
14.564
14.7037
14.8642
15.0464
15.2126
15.3816
15.5732
15.6871
15.8226
15.9597
16.119
4.36667
4.35162
4.32798
4.29855
4.27628
4.25423
4.23241
4.21081
4.18946
6.26211
6.20045
6.14853
6.07593
5.91302
5.86527
5.81824
5.70899
5.6569
5.6094
5.55556
5.47664
5.43053
5.38864
5.35249
5.30226
5.26596
8.33615
8.24997
8.21962
8.11682
7.98727
7.89235
7.82005
7.75498
7.53249
7.46273
7.38282
7.29774
5.43971
5.43001
5.41358
5.39635
5.36321
5.3521
5.36254
5.37014
5.38053
6.46813
6.4816
6.50525
6.53312
6.58695
6.62365
6.67118
6.69768
6.85385
6.88572
7.10302
7.14249
7.19029
7.22812
7.27432
7.30275
14.2424
14.4091
14.5612
14.6794
14.8365
14.9963
15.1588
15.3241
15.492
15.6828
15.7953
15.909
16.0446
16.2024
4.35984
4.33722
4.31481
4.29262
4.27066
4.24892
4.22741
4.20614
6.2975
6.27842
6.22819
6.17862
6.0953
6.01403
5.94492
5.88725
5.84242
5.75586
5.69978
5.64662
5.58906
5.51334
5.462
5.41509
5.32566
5.29603
5.27016
5.23839
5.20881
8.18481
8.07933
8.04291
7.95796
7.89054
7.81105
7.68794
7.59696
7.51383
7.41256
7.35282
5.30158
5.31428
5.48685
5.48382
5.4679
5.45309
5.40656
5.39794
5.39598
5.40633
5.41568
5.42402
6.52855
6.53555
6.54974
6.58658
6.64996
6.69298
6.74067
6.76692
6.882
6.91593
6.9509
6.99378
7.16626
7.20912
7.25304
7.29427
7.33646
7.36818
14.582
14.7156
14.833
14.9709
15.13
15.2919
15.4564
15.6437
15.814
15.9252
16.0377
16.1721
4.3762
4.35366
4.33134
4.30924
4.28736
4.26571
4.24428
6.3138
6.25412
6.19814
6.11287
6.04019
5.9773
5.91963
5.87293
5.79581
5.73389
5.67885
5.61942
5.55238
5.49916
5.45733
5.38599
5.356
5.3249
5.30086
5.26922
5.23343
5.21253
5.19209
8.15018
8.0937
8.03407
7.96652
7.66185
5.41993
5.41376
5.35584
5.35122
5.35681
5.3878
5.3935
5.3643
5.52953
5.52837
5.51409
5.50089
5.45345
5.44449
5.44227
5.45447
5.46176
6.58343
6.59
6.60072
6.63743
6.76658
6.80456
6.82721
6.86755
6.90914
6.94857
6.98226
7.01698
7.05972
7.21189
7.26548
7.31285
7.35374
7.39559
7.42298
14.5184
14.7208
14.8535
14.9698
15.0879
15.2653
15.4265
15.5904
15.7772
15.9467
16.0567
16.1679
16.3223
4.37038
4.34814
4.32613
4.30433
4.28276
4.26143
6.12052
6.07348
6.06045
6.00602
5.94641
5.8919
5.81885
5.76469
5.71342
5.65573
5.58486
5.53161
5.49504
5.41658
5.38509
5.35416
5.32706
5.29561
5.25996
5.23613
5.2128
5.16663
5.50737
5.47635
5.46565
5.45966
5.43159
5.41408
5.43892
5.42292
5.40412
5.39954
5.40342
5.41013
5.42735
5.40736
5.46406
5.53621
5.57669
5.57335
5.55873
5.53714
5.49891
5.48962
5.48911
5.50124
5.50838
6.65267
6.66403
6.67331
6.72377
6.78812
6.83796
6.87258
6.89827
6.942
6.98361
7.02297
7.05297
7.08395
7.13012
7.26905
7.32246
7.36956
7.41008
7.4477
7.47454
7.50212
14.6225
14.8425
14.9929
15.0892
15.187
15.3826
15.5429
15.7058
15.9122
16.0811
16.1897
16.2996
16.4319
4.38736
4.36521
4.34328
4.32157
4.30009
4.27884
4.25783
6.0769
6.03514
5.97764
5.90519
5.84223
5.794
5.74659
5.68328
5.61779
5.56628
5.52629
5.44928
5.41625
5.38213
5.35525
5.32396
5.28844
5.2417
5.1893
5.55759
5.53031
5.52168
5.51194
5.48364
5.48342
5.49185
5.48562
5.48416
5.46808
5.45106
5.4446
5.44479
5.44398
5.44983
5.43742
5.43743
5.50631
5.57722
5.61045
5.60379
5.54483
5.5372
5.53844
5.55053
6.7188
6.73305
6.75163
6.78108
6.79535
6.87027
6.90694
6.93806
6.96688
7.01408
7.05216
7.08787
7.12111
7.15537
7.19426
7.24516
7.39533
7.43458
7.4748
7.50815
7.53054
7.55365
7.57747
14.7819
14.9839
15.1337
15.2287
15.3445
15.5207
15.6803
15.8426
16.0281
16.196
16.3033
16.4117
4.38254
4.3607
4.33908
4.31769
4.29652
4.2756
4.2549
4.23445
4.21424
6.2308
6.15313
6.07725
6.01754
5.93676
5.87181
5.82176
5.77258
5.70934
5.65117
5.60142
5.55972
5.4807
5.4478
5.41381
5.38544
5.35595
5.32051
5.27295
5.25337
5.22006
5.62266
5.60037
5.57503
5.56657
5.55895
5.53441
5.53443
5.53926
5.53313
5.52787
5.51368
5.49656
5.48817
5.48457
5.478
5.4762
5.47145
5.47531
5.5449
5.55274
5.65823
5.65552
5.58789
5.58513
5.58327
5.58634
5.60039
6.78566
6.79962
6.81797
6.84733
6.86456
6.94694
6.97333
7.00427
7.03634
7.08714
7.12157
7.1571
7.18649
7.22049
7.25915
7.4731
7.50821
7.5482
7.58118
7.59904
7.61364
7.64486
14.9063
15.1268
15.2567
15.3503
15.4261
15.6403
15.799
15.9604
16.1451
16.3121
16.4179
16.525
4.33554
4.31447
4.29363
4.27302
4.25266
4.23254
4.21266
4.20047
4.17367
4.15456
6.0075
5.90574
5.85767
5.81427
5.74698
5.68682
5.64066
5.60253
5.51598
5.48319
5.44928
5.41936
5.39
5.35133
5.30537
5.28119
5.77554
5.6517
5.62222
5.61594
5.60847
5.5878
5.58405
5.58516
5.57912
5.57197
5.55774
5.54248
5.53605
5.52855
5.52196
5.52018
5.51733
5.51929
5.58758
5.59435
5.61427
5.63072
5.62571
5.62773
5.63472
5.65081
6.8499
6.86358
6.88835
6.91428
6.93122
7.01081
7.04045
7.07473
7.11728
7.16474
7.19544
7.22718
7.25628
7.29003
7.32479
7.54406
7.58284
7.62259
7.66329
7.66036
7.67028
7.70101
15.0315
15.2519
15.3615
15.4536
15.5278
15.6817
15.7587
16.0383
16.2215
16.4081
16.5336
4.2914
4.27112
4.25109
4.2313
4.21842
4.19249
4.17346
4.1547
4.1362
4.11797
4.10002
4.08233
4.06493
5.72294
5.67678
5.63509
5.52076
5.48863
5.4571
5.42952
5.39414
5.34842
5.85368
5.81788
5.66578
5.66175
5.65648
5.64186
5.63218
5.63148
5.62149
5.60835
5.59412
5.58283
5.57842
5.57091
5.56429
5.56055
5.55572
5.56165
5.5665
5.6124
5.62322
5.64317
5.65798
5.66547
5.67594
5.67485
5.67878
5.68567
5.70178
6.89908
6.90801
6.92476
6.94936
6.97511
6.99172
7.08232
7.10827
7.15315
7.19581
7.23245
7.2629
7.29069
7.31946
7.35292
7.39115
7.57836
7.61589
7.65441
7.70205
7.75906
7.72232
7.72747
7.76587
15.1577
15.3586
15.4669
15.5575
15.6301
15.7434
15.8583
16.1168
16.2778
16.4836
16.5862
4.23076
4.21156
4.19263
4.17395
4.15554
4.13739
4.11952
4.10192
4.0846
4.06756
4.05081
4.03435
4.01818
4.0023
5.52503
5.93119
5.89862
5.86053
5.83238
5.83566
5.81578
5.76598
5.68489
5.68026
5.66415
5.64491
5.63676
5.62949
5.6231
5.61759
5.60693
5.59718
5.59432
5.59632
5.60921
5.65213
5.68662
5.7036
5.70896
5.72996
5.73078
5.73459
5.75198
5.76606
6.95791
6.96312
6.98641
7.01085
7.03642
7.05271
7.15462
7.18398
7.22899
7.26803
7.30087
7.33107
7.35855
7.38701
7.424
7.45822
7.65534
7.6845
7.73093
7.78262
7.83129
7.77669
7.78521
7.82732
15.2658
15.4467
15.5729
15.6817
15.7528
15.8252
15.9586
16.2164
16.3971
16.6237
16.7251
4.19345
4.17513
4.15707
4.13928
4.12177
4.10453
4.08757
4.0709
4.05452
4.03843
4.02264
4.00714
3.99195
3.97706
3.96248
3.94822
5.99024
5.94617
5.91017
5.8886
5.88783
5.87016
5.849
5.82011
5.79232
5.7487
5.73579
5.70919
5.6878
5.68174
5.6745
5.67017
5.65854
5.6458
5.63599
5.63513
5.63513
5.64611
5.65393
5.66877
5.6743
5.7655
5.78886
5.79814
5.80183
5.8172
5.82479
7.07268
7.09153
7.11503
7.12193
7.11927
7.1888
7.235
7.26794
7.30204
7.34104
7.36996
7.39992
7.4271
7.45525
7.48819
7.52212
7.73329
7.75382
7.80841
7.86852
7.83566
7.84762
15.3935
15.5545
15.66
15.787
15.8565
15.9473
16.0998
16.3167
16.4963
16.722
4.14186
4.12471
4.10784
4.09125
4.07495
4.05895
4.04323
4.02781
4.0127
3.99789
3.98339
3.9692
3.95532
3.94176
3.92853
3.91562
6.09351
6.05237
6.00099
5.97387
5.95676
5.94953
5.92961
5.90391
5.87923
5.84248
5.80273
5.78343
5.75455
5.73513
5.72497
5.71983
5.71762
5.70179
5.68895
5.68111
5.68026
5.6823
5.6893
5.69307
5.69975
5.71143
5.71987
5.72917
5.73309
5.85557
5.85474
5.87014
7.15787
7.1838
7.19285
7.20295
7.19969
7.26995
7.3127
7.34185
7.37212
7.41105
7.43974
7.46945
7.49248
7.5203
7.54906
7.58659
7.82057
7.84482
7.90386
7.94705
7.98259
7.90644
15.3134
15.6433
15.7278
15.873
15.8227
15.8917
16.1409
16.3969
16.6173
16.886
4.11185
4.09564
4.07971
4.06407
4.04874
4.0337
4.01897
4.00454
3.99043
3.97663
3.96314
3.94998
3.93714
3.92462
3.91244
3.90059
6.14957
6.10582
6.05406
6.0292
6.01447
6.00286
5.98294
5.95714
5.93908
5.89087
5.84431
5.82285
5.79811
5.7765
5.75798
5.75919
5.75705
5.7453
5.73444
5.72654
5.72156
5.72363
5.73276
5.73446
5.737
5.74454
5.74877
5.76221
5.76394
5.76859
7.25152
7.28862
7.30846
7.28498
7.36334
7.39128
7.42033
7.45048
7.48557
7.51404
7.53964
7.56231
7.58983
7.61828
7.88184
7.9048
7.93292
7.99218
8.03528
8.07938
15.584
15.6292
15.6948
15.8383
15.9844
16.5705
4.06991
4.05495
4.04029
4.02595
4.01191
3.99818
3.98477
3.97167
3.9589
3.94646
3.93434
3.92256
3.91111
3.89999
3.88922
6.19645
6.15977
6.10528
6.07808
6.0565
6.0497
6.02983
5.89706
5.86895
5.84192
5.81383
5.79527
5.79659
5.79875
5.78906
5.78023
5.77018
5.76099
5.75891
5.77228
5.77815
5.78066
5.78191
5.78819
5.80165
5.80539
7.33916
7.38409
7.38869
7.39813
7.4314
7.44673
7.47075
7.49583
7.52196
7.56084
7.58517
7.61443
7.63676
7.66001
7.97625
7.99012
8.0906
8.12028
8.16425
15.5205
15.5642
15.6279
15.7872
15.911
16.0756
16.3429
4.03363
4.01998
4.00664
3.99362
3.98092
3.96854
3.95649
3.94477
3.93339
3.92234
3.91163
3.90126
6.2461
6.20934
6.15453
6.12733
6.09874
6.09686
5.95474
5.9352
5.89686
5.85771
5.82843
5.82136
5.84279
5.8352
5.82632
5.81617
5.80689
5.80689
5.80983
5.81996
5.82244
5.82151
5.82564
7.47717
7.47749
7.49044
7.51607
7.52723
7.55499
7.57992
7.60984
7.64882
7.66892
7.69801
7.71599
7.7389
15.8511
15.9542
16.0976
4.00317
3.99086
3.97888
3.96723
3.95591
3.94492
3.93427
3.92396
3.91399
3.90437
6.30611
6.26667
6.20655
6.18172
6.15305
6.14668
6.00396
5.99111
5.95234
5.89532
5.86805
5.86102
5.87411
5.88162
5.87053
5.86031
5.85307
5.85308
5.85817
5.86625
5.86871
5.86984
5.87178
7.57618
7.59384
7.60858
7.63625
7.65302
7.72171
7.74554
7.7785
7.79608
7.81867
16.1977
3.97866
3.96774
3.95715
3.9469
3.93699
3.92743
3.91821
3.90933
6.35912
6.31954
6.26389
6.23902
6.21023
6.20166
6.03295
6.04666
6.04296
6.00607
5.95277
5.91648
5.90514
5.9076
5.9283
5.91932
5.91117
5.90385
5.90602
5.91118
5.92151
5.92396
5.92284
7.68036
7.69885
7.72646
7.82701
3.97007
3.96022
3.95071
3.94155
3.93273
3.92426
3.91614
6.26199
6.08696
6.09876
5.89922
5.95864
5.93856
5.9259
5.97083
5.96621
5.9602
5.95062
5.96966
3.94793
3.93986
3.93214
